(-0.681031, -0.868028, 145.52),  cut
(-0.64459, -0.853602, 147.44),  cut
(-0.645396, -0.870736, 145.52),  cut
(-0.655241, -0.886255, 146.80),  cut
(-0.650045, -0.894844, 146.48),  cut
(-0.869263, -0.733078, 146.80),  cut
(-0.614664, -0.898212, 146.48),  cut
(-0.897384, -0.523131, 122.60),  cut
(-0.897643, -0.523052, 122.85),  cut
(-0.897772, -0.523012, 122.89),  cut
(-0.898079, -0.522919, 122.92),  cut
(0.75, -0.75, 1.17),  cut
(-0.710334, -0.771081, 124.08),  cut
(-0.701535, -0.770954, 120.56),  reached
(-0.795152, -0.888924, 121.04),  cut
(0.75, -0.75, 1.17),  cut
(-0.823141, -0.854572, 116.08),  cut
(0.277634, 0.643261, 55.86),  cut
(0.277614, 0.643298, 55.82),  cut
(-0.550861, -0.720852, 112.40),  cut
(-0.543023, -0.722134, 109.04),  cut
(-0.534221, -0.712537, 110.80),  cut
(-0.521427, -0.712614, 109.20),  cut
(-0.51106, -0.704264, 110.80),  cut
(-0.49774, -0.704028, 109.20),  cut
(-0.487951, -0.695839, 110.80),  cut
(-0.474623, -0.695625, 109.20),  cut
(-0.470297, -0.689954, 110.64),  cut
(-0.457178, -0.68918, 109.20),  cut
(-0.447753, -0.681731, 110.64),  cut
(-0.435175, -0.681221, 109.20),  cut
(-0.425203, -0.673523, 110.64),  cut
(-0.412046, -0.672851, 109.20),  cut
(-0.400958, -0.664709, 110.64),  cut
(-0.38835, -0.664283, 109.20),  cut
(-0.378385, -0.656565, 110.64),  cut
(-0.365223, -0.655908, 109.20),  cut
(-0.355263, -0.648175, 110.64),  cut
(-0.346307, -0.638299, 109.20),  cut
(-0.332707, -0.639983, 110.64),  cut
(-0.324089, -0.629251, 109.20),  cut
(-0.309327, -0.6306, 110.64),  cut
(-0.297005, -0.629441, 109.20),  cut
(-0.287054, -0.621683, 110.64),  cut
(-0.274434, -0.621292, 109.20),  cut
(-0.263376, -0.613067, 110.64),  cut
(-0.250749, -0.612694, 109.20),  cut
(-0.240241, -0.604712, 110.64),  cut
(-0.227621, -0.60432, 109.20),  cut
(-0.210659, -0.621568, 110.64),  cut
(-0.198646, -0.621492, 109.20),  cut
(-0.19344, -0.61645, 110.64),  cut
(-0.180949, -0.618179, 109.20),  cut
(-0.170329, -0.612754, 110.64),  cut
(-0.229127, -0.50953, 109.20),  cut
(-0.220576, -0.505532, 110.64),  cut
(-0.234117, -0.489855, 109.20),  cut
(-0.232157, -0.477899, 110.64),  cut
(-0.200269, -0.479613, 109.20),  cut
(-0.199354, -0.465837, 110.64),  cut
(-0.190927, -0.456986, 109.20),  cut
(-0.188309, -0.445335, 110.64),  cut
(-0.157794, -0.452154, 109.20),  cut
(-0.154089, -0.43829, 110.64),  cut
(-0.144124, -0.431126, 109.20),  cut
(-0.139193, -0.419598, 55.82),  cut
(-0.128152, -0.412422, 55.82),  cut
(-0.070179, -0.525764, 55.82),  cut
(-0.058359, -0.534003, 55.82),  cut
(-0.049453, -0.544265, 55.82),  cut
(-0.041228, -0.553911, 94.16),  cut
(-0.033096, -0.563661, 91.12),  cut
(-0.020662, -0.565679, 55.82),  cut
(-0.009671, -0.570629, 55.82),  cut
(0.000405, -0.579797, 55.82),  cut
(0.008953, -0.591956, 55.82),  cut
(0.016543, -0.603655, 55.82),  cut
(0.023821, -0.61631, 55.82),  reached
(0.276037, 0.646165, 78.70),  cut
(0.276015, 0.646206, 78.70),  cut
(0.275992, 0.646246, 78.70),  cut
(0.275971, 0.646285, 78.71),  cut
(0.275949, 0.646324, 78.71),  cut
(0.275928, 0.646363, 78.71),  cut
(0.275905, 0.646406, 78.71),  cut
(0.275883, 0.646444, 78.71),  cut
(0.275862, 0.646483, 78.71),  cut
(0.164145, -0.633415, 85.01),  cut
(0.165789, -0.625178, 78.71),  cut
(0.173506, -0.621521, 78.71),  cut
(0.183761, -0.628895, 78.71),  cut
(0.191645, -0.637954, 78.71),  reached
(0.275862, 0.646483, 78.71),  cut
(0.864504, 0.436672, 57.95),  cut
(0.864478, 0.436672, 57.85),  cut
(0.864452, 0.436672, 57.78),  cut
(0.864429, 0.436672, 57.78),  cut
(0.864406, 0.436671, 57.78),  cut
(0.864394, 0.436671, 57.78),  cut
(0.864376, 0.436671, 57.78),  cut
(0.86436, 0.436671, 57.78),  cut
(0.864339, 0.436671, 57.78),  cut
(0.864318, 0.436671, 57.78),  cut
(0.864299, 0.43667, 57.78),  cut
(0.864273, 0.43667, 57.78),  cut
(0.864247, 0.43667, 57.79),  cut
(0.364975, -0.496439, 61.85),  cut
(0.369653, -0.488971, 57.79),  cut
(0.35069, -0.662373, 61.47),  cut
(0.356918, -0.660877, 58.97),  cut
(0.36852, -0.664336, 60.89),  cut
(0.419903, -0.512135, 58.97),  cut
(0.384054, -0.683396, 60.89),  cut
(0.427808, -0.495626, 58.97),  cut
(0.434035, -0.498272, 60.89),  cut
(0.446745, -0.499318, 58.97),  cut
(0.423833, -0.678934, 60.89),  cut
(0.467818, -0.486654, 58.97),  cut
(0.442884, -0.677123, 60.89),  cut
(0.484238, -0.491452, 59.13),  cut
(0.459466, -0.680421, 60.73),  cut
(0.506632, -0.49153, 59.13),  cut
(0.5084, -0.492313, 60.57),  cut
(0.524429, -0.494732, 59.13),  cut
(0.501489, -0.674776, 60.57),  cut
(0.510146, -0.670806, 59.13),  cut
(0.520646, -0.677142, 60.57),  cut
(0.561606, -0.499555, 59.13),  cut
(0.567913, -0.505864, 60.57),  cut
(0.579982, -0.503606, 59.13),  cut
(0.573669, -0.472539, 60.57),  cut
(0.587085, -0.469292, 59.13),  cut
(0.577985, -0.669933, 60.57),  cut
(0.619371, -0.624569, 59.13),  cut
(0.574323, -0.682292, 60.57),  cut
(0.624231, -0.465929, 59.13),  cut
(0.629421, -0.473316, 60.57),  cut
(0.640106, -0.473505, 59.13),  cut
(0.646872, -0.46199, 60.57),  cut
(0.659427, -0.456439, 59.13),  cut
(0.666672, -0.445459, 60.57),  cut
(0.679698, -0.439533, 59.13),  cut
(0.686949, -0.428558, 60.57),  cut
(0.699029, -0.423371, 59.13),  cut
(0.711751, -0.407715, 60.57),  cut
(0.723961, -0.402684, 59.13),  cut
(0.731572, -0.391205, 60.57),  cut
(0.75843, -0.407789, 59.13),  cut
(0.766126, -0.396327, 57.79),  reached
(0.862669, 0.436653, 83.39),  cut
(0.86264, 0.436653, 83.39),  cut
(0.862614, 0.436653, 83.39),  cut
(0.862587, 0.436653, 83.39),  cut
(0.86256, 0.436652, 83.40),  cut
(0.862535, 0.436652, 83.40),  cut
(0.862509, 0.436652, 83.40),  cut
(0.862484, 0.436652, 83.40),  cut
(0.862458, 0.436651, 83.40),  cut
(0.86243, 0.436651, 83.41),  cut
(0.862401, 0.436651, 83.41),  cut
(0.862372, 0.43665, 83.41),  cut
(0.862346, 0.43665, 83.41),  cut
(0.862317, 0.43665, 83.41),  cut
(0.862291, 0.43665, 83.42),  cut
(0.862262, 0.436649, 83.42),  cut
(0.862236, 0.436649, 83.42),  cut
(0.862208, 0.436649, 83.42),  cut
(0.862182, 0.436648, 83.43),  cut
(0.862156, 0.436648, 83.43),  cut
(0.862131, 0.436648, 83.43),  cut
(0.862102, 0.436648, 83.43),  cut
(0.862075, 0.436647, 83.43),  cut
(0.769393, -0.368518, 83.43),  cut
(0.770902, -0.355405, 83.43),  cut
(0.76946, -0.367922, 83.43),  cut
(0.76795, -0.381035, 83.43),  reached
(0.862075, 0.436647, 83.43),  cut
(0.936991, 0.465414, 78.71),  cut
(0.9371, 0.465393, 78.66),  cut
(0.273032, 0.651628, 116.04),  cut
(0.273009, 0.651671, 116.31),  cut
(0.272987, 0.651709, 116.36),  cut
(0.272965, 0.65175, 116.36),  cut
(0.272942, 0.651791, 116.36),  cut
(0.272919, 0.651834, 116.36),  cut
(0.272895, 0.651876, 116.36),  cut
(0.272873, 0.651917, 116.36),  cut
(0.272851, 0.651958, 116.36),  cut
(0.272828, 0.651999, 116.36),  cut
(0.272806, 0.65204, 116.36),  cut
(0.272783, 0.65208, 116.36),  cut
(0.272749, 0.652142, 116.36),  cut
(0.272726, 0.652185, 116.36),  cut
(0.272703, 0.652226, 116.36),  cut
(0.27268, 0.652269, 116.36),  cut
(0.679195, -0.385115, 111.40),  cut
(0.675465, -0.377588, 116.36),  cut
(0.666777, -0.381475, 114.12),  cut
(0.666123, -0.394345, 116.36),  cut
(0.659171, -0.411713, 116.36),  reached
(0.27268, 0.652269, 116.36),  cut
(0.941013, 0.464638, 72.17),  cut
(0.941127, 0.464616, 71.92),  cut
(0.860502, 0.436631, 76.36),  cut
(0.860458, 0.436631, 76.43),  cut
(0.860431, 0.43663, 76.44),  cut
(0.860402, 0.43663, 76.44),  cut
(0.860374, 0.43663, 76.44),  cut
(0.860347, 0.436629, 76.44),  cut
(0.578938, -0.461082, 72.60),  cut
(0.572083, -0.44033, 86.60),  cut
(0.558879, -0.443168, 83.24),  cut
(0.55537, -0.456689, 85.80),  cut
(0.542525, -0.460757, 83.56),  cut
(0.520728, -0.454113, 85.80),  cut
(0.509033, -0.458013, 83.72),  cut
(0.497359, -0.473711, 85.80),  cut
(0.483221, -0.476482, 83.72),  cut
(0.475622, -0.488678, 85.80),  cut
(0.461569, -0.491574, 83.72),  cut
(0.442004, -0.480206, 85.80),  cut
(0.441886, -0.505297, 83.72),  cut
(0.419927, -0.493399, 85.80),  cut
(0.408198, -0.494983, 84.04),  cut
(0.392697, -0.508406, 85.80),  cut
(0.370673, -0.484539, 84.04),  cut
(0.360494, -0.494426, 85.80),  cut
(0.347833, -0.493271, 84.04),  cut
(0.336842, -0.500945, 85.80),  cut
(0.317066, -0.501283, 84.04),  cut
(0.30614, -0.509208, 85.80),  cut
(0.293319, -0.50769, 84.04),  cut
(0.282369, -0.515524, 85.80),  cut
(0.268978, -0.514197, 84.04),  cut
(0.25917, -0.521659, 85.80),  cut
(0.24056, -0.521711, 84.04),  cut
(0.229627, -0.529612, 85.80),  cut
(0.216225, -0.52824, 84.04),  cut
(0.205275, -0.536076, 85.80),  cut
(0.19189, -0.534768, 84.04),  cut
(0.180917, -0.542519, 85.80),  cut
(0.161152, -0.542898, 84.04),  cut
(0.150214, -0.550779, 85.80),  cut
(0.132122, -0.52373, 84.04),  cut
(0.120381, -0.531706, 85.80),  cut
(0.107535, -0.528523, 84.04),  cut
(0.095376, -0.53413, 85.80),  cut
(0.077037, -0.530932, 84.04),  cut
(0.064894, -0.536756, 85.80),  cut
(0.051937, -0.533125, 84.04),  cut
(0.039786, -0.538853, 85.80),  cut
(0.314695, -0.566392, 84.04),  cut
(0.013015, -0.567346, 85.80),  cut
(0.019342, -0.565601, 84.04),  cut
(0.01527, -0.57302, 85.80),  cut
(0.001829, -0.571495, 76.44),  reached
(0.858589, 0.436611, 49.64),  cut
(0.858559, 0.436611, 49.64),  cut
(0.85853, 0.43661, 49.64),  cut
(0.858505, 0.43661, 49.64),  cut
(0.858477, 0.43661, 49.64),  cut
(0.858435, 0.43661, 49.64),  cut
(0.858407, 0.436609, 49.65),  cut
(0.858378, 0.436609, 49.65),  cut
(0.85835, 0.436609, 49.65),  cut
(0.858323, 0.436608, 49.65),  cut
(0.858294, 0.436608, 49.65),  cut
(0.858266, 0.436608, 49.65),  cut
(0.858239, 0.436607, 49.65),  cut
(0.858211, 0.436607, 49.65),  cut
(0.858185, 0.436607, 49.65),  cut
(0.858147, 0.436607, 49.66),  cut
(0.858118, 0.436606, 49.66),  cut
(0.85809, 0.436606, 49.66),  cut
(0.858064, 0.436606, 49.66),  cut
(0.858037, 0.436605, 49.66),  cut
(0.270171, 0.656829, 81.68),  cut
(0.270151, 0.656866, 81.89),  cut
(0.270129, 0.656906, 81.96),  cut
(0.270106, 0.656947, 81.96),  cut
(0.270085, 0.656986, 81.96),  cut
(0.270063, 0.657027, 81.96),  cut
(0.270027, 0.657091, 81.97),  cut
(0.270004, 0.657134, 81.97),  cut
(0.269981, 0.657174, 81.97),  cut
(0.269958, 0.657217, 81.97),  cut
(0.269936, 0.657256, 81.97),  cut
(0.269914, 0.657297, 81.98),  cut
(0.269891, 0.657339, 81.98),  cut
(0.269868, 0.65738, 81.98),  cut
(0.269833, 0.657444, 81.98),  cut
(0.26981, 0.657485, 81.98),  cut
(0.269787, 0.657528, 81.98),  cut
(0.269764, 0.657569, 81.99),  cut
(0.269742, 0.657609, 81.99),  cut
(0.26972, 0.65765, 81.99),  cut
(0.269697, 0.657691, 81.99),  cut
(0.269674, 0.657734, 81.99),  cut
(0.269641, 0.657794, 82.00),  cut
(0.269618, 0.657835, 82.00),  cut
(0.269595, 0.657877, 82.00),  cut
(0.269572, 0.657918, 82.00),  cut
(0.26955, 0.657959, 82.00),  cut
(0.269528, 0.657998, 82.00),  cut
(0.269507, 0.658037, 82.01),  cut
(0.269473, 0.658099, 82.01),  cut
(0.269449, 0.658141, 82.01),  cut
(0.269426, 0.658184, 82.01),  cut
(0.269402, 0.658227, 82.02),  cut
(0.26938, 0.658268, 82.02),  cut
(0.269356, 0.65831, 82.02),  cut
(0.269335, 0.658349, 82.02),  cut
(0.269312, 0.658392, 82.02),  cut
(0.269288, 0.658435, 82.03),  cut
(0.269266, 0.658476, 82.03),  cut
(0.269233, 0.658536, 82.03),  cut
(0.269209, 0.658578, 82.03),  cut
(0.269187, 0.658619, 82.04),  cut
(0.269164, 0.65866, 82.04),  cut
(0.269143, 0.658699, 82.04),  cut
(0.269119, 0.658742, 82.04),  cut
(0.269097, 0.658782, 82.04),  cut
(0.269076, 0.658821, 82.05),  cut
(0.269052, 0.658864, 82.05),  cut
(0.269018, 0.658926, 82.05),  cut
(0.268994, 0.658969, 82.05),  cut
(0.268971, 0.659012, 82.06),  cut
(0.268949, 0.65905, 82.06),  cut
(0.268926, 0.659093, 82.06),  cut
(0.268902, 0.659136, 82.07),  cut
(0.268879, 0.659179, 82.07),  cut
(0.268846, 0.659239, 82.07),  cut
(0.268821, 0.659283, 82.07),  cut
(0.268799, 0.659324, 82.08),  cut
(0.268776, 0.659365, 82.08),  cut
(0.268754, 0.659406, 82.08),  cut
(0.268733, 0.659445, 82.09),  cut
(0.268705, 0.659495, 82.09),  cut
(0.268681, 0.659538, 82.09),  cut
(0.268661, 0.659575, 82.09),  cut
(0.268644, 0.659606, 82.10),  cut
(0.268628, 0.659635, 82.10),  cut
(0.268611, 0.659666, 82.10),  cut
(0.268589, 0.659705, 82.10),  cut
(0.268568, 0.659744, 82.11),  cut
(0.309771, 0.254708, 95.81),  cut
(0.31143, 0.266811, 82.11),  cut
(0.314742, 0.279629, 84.99),  cut
(0.325389, 0.282413, 83.07),  cut
(0.329789, 0.290836, 84.19),  cut
(0.339618, 0.296175, 83.07),  cut
(0.350579, 0.310762, 84.19),  cut
(0.361383, 0.316819, 83.07),  cut
(0.366679, 0.326045, 84.19),  cut
(0.377444, 0.332143, 83.07),  cut
(0.384057, 0.342596, 84.19),  cut
(0.394786, 0.348731, 83.07),  cut
(0.406162, 0.363752, 84.19),  cut
(0.41652, 0.369407, 83.07),  cut
(0.423982, 0.380709, 84.19),  cut
(0.435179, 0.387223, 83.07),  cut
(0.441811, 0.397655, 84.19),  cut
(0.45779, 0.408718, 83.07),  cut
(0.464792, 0.419632, 84.19),  cut
(0.476439, 0.426544, 83.07),  cut
(0.48349, 0.437406, 84.19),  cut
(0.494666, 0.443942, 83.07),  cut
(0.501318, 0.454354, 84.19),  cut
(0.515539, 0.463784, 83.07),  cut
(0.522124, 0.474266, 84.19),  cut
(0.532891, 0.480361, 83.07),  cut
(0.537348, 0.488728, 84.19),  cut
(0.544591, 0.491565, 83.07),  cut
(0.551665, 0.502404, 84.19),  cut
(0.559822, 0.50602, 83.07),  cut
(0.565122, 0.515242, 84.19),  cut
(0.554249, 0.536757, 83.07),  cut
(0.556561, 0.542399, 84.03),  cut
(0.564217, 0.547895, 83.07),  cut
(0.567545, 0.316791, 84.03),  cut
(0.571586, 0.32355, 83.07),  cut
(0.578941, 0.319088, 84.03),  cut
(0.591169, 0.553643, 83.07),  cut
(0.595477, 0.545656, 84.03),  cut
(0.607666, 0.551515, 83.07),  cut
(0.612388, 0.562932, 84.03),  cut
(0.621594, 0.571049, 83.07),  cut
(0.622861, 0.336992, 84.03),  cut
(0.604853, 0.332931, 83.07),  cut
(0.64423, 0.584917, 84.03),  cut
(0.62853, 0.585477, 83.07),  cut
(0.632071, 0.594143, 84.03),  cut
(0.639764, 0.603709, 83.07),  cut
(0.455685, 0.568867, 84.03),  cut
(0.465266, 0.586969, 83.07),  cut
(0.453536, 0.591272, 84.03),  cut
(0.445405, 0.600441, 82.11),  cut
(0.434238, 0.605519, 82.11),  reached
(0.577887, 0.692887, 31.31),  cut
(0.577892, 0.692894, 31.31),  cut
(0.577898, 0.692902, 31.31),  cut
(0.577903, 0.69291, 31.31),  cut
(0.57824, 0.693353, 31.39),  cut
(0.579772, 0.695538, 31.82),  cut
(0.581457, 0.697942, 32.33),  cut
(0.583142, 0.700346, 32.87),  cut
(0.584751, 0.70264, 33.40),  cut
(0.511859, 0.768622, 81.02),  cut
(0.513341, 0.770576, 83.32),  cut
(0.52042, 0.77969, 80.99),  cut
(0.527251, 0.788476, 78.41),  cut
(0.535058, 0.798517, 75.70),  cut
(0.542539, 0.808139, 73.37),  cut
(0.549371, 0.816925, 71.46),  cut
(0.555876, 0.825293, 69.83),  cut
(0.610077, 0.806098, 44.72),  cut
(0.60886, 0.810201, 44.82),  cut
(0.643218, 0.800715, 32.32),  cut
(0.64426, 0.806398, 33.27),  cut
(0.645166, 0.811339, 34.82),  cut
(0.646118, 0.816528, 36.59),  cut
(0.647114, 0.821963, 38.48),  cut
(0.648066, 0.827152, 40.29),  cut
(0.649062, 0.832587, 42.21),  cut
(0.634271, 0.926119, 69.58),  cut
(0.642078, 0.93616, 69.76),  cut
(0.64956, 0.945783, 68.57),  cut
(0.656716, 0.954987, 67.47),  cut
(0.664523, 0.965028, 66.36),  cut
(0.672655, 0.975487, 65.30),  cut
(0.680137, 0.985109, 64.40),  cut
(0.686581, 0.988624, 63.02),  cut
(0.695221, 0.9837, 59.62),  cut
(0.701827, 0.979936, 56.75),  cut
(0.707672, 0.976605, 54.10),  cut
(0.713516, 0.973275, 51.30),  cut
(0.719361, 0.969944, 48.36),  cut
(0.724951, 0.966759, 45.39),  cut
(0.730541, 0.963573, 42.28),  cut
(0.736131, 0.960388, 39.03),  cut
(0.741976, 0.957057, 35.46),  cut
(0.25, 0.65, None),  cut
(0.85, 0.45, -68.52),  cut
(0.972675, 0.458527, -53.49),  cut
(0.972799, 0.458503, -53.15),  cut
(0.972913, 0.458481, -53.11),  cut
(0.852451, 0.436547, -69.82),  cut
(0.852421, 0.436547, -70.23),  cut
(0.852389, 0.436547, -70.40),  cut
(0.852356, 0.436546, -70.40),  cut
(0.852325, 0.436546, -70.41),  cut
(0.85228, 0.436546, -70.42),  cut
(0.852249, 0.436545, -70.42),  cut
(0.85222, 0.436545, -70.43),  cut
(0.852191, 0.436545, -70.43),  cut
(0.852161, 0.436544, -70.44),  cut
(0.852132, 0.436544, -70.45),  cut
(0.852089, 0.436544, -70.45),  cut
(0.852059, 0.436543, -70.46),  cut
(0.85203, 0.436543, -70.47),  cut
(0.852001, 0.436543, -70.47),  cut
(0.851972, 0.436542, -70.48),  cut
(0.851926, 0.436542, -70.49),  cut
(0.851893, 0.436542, -70.50),  cut
(0.851862, 0.436541, -70.51),  cut
(0.851832, 0.436541, -70.52),  cut
(0.851801, 0.436541, -70.53),  cut
(0.851753, 0.43654, -70.55),  cut
(0.851723, 0.43654, -70.56),  cut
(0.85169, 0.43654, -70.57),  cut
(0.851661, 0.436539, -70.58),  cut
(0.851615, 0.436539, -70.60),  cut
(0.976469, 0.457795, -28.51),  cut
(0.976588, 0.457772, -26.54),  cut
(0.976707, 0.457749, -26.17),  cut
(0.976831, 0.457725, -26.15),  cut
(0.976956, 0.457701, -26.14),  cut
(0.977137, 0.457666, -26.12),  cut
(0.978428, 0.456636, -26.27),  cut
(0.810502, -0.709914, -92.82),  cut
(0.810528, -0.709916, -93.22),  cut
(0.810554, -0.709919, -93.36),  cut
(0.810581, -0.709922, -93.35),  cut
(0.81062, -0.709925, -93.35),  cut
(0.810649, -0.709928, -93.35),  cut
(0.810674, -0.709931, -93.35),  cut
(0.810701, -0.709934, -93.35),  cut
(0.810729, -0.709936, -93.35),  cut
(0.810756, -0.709939, -93.35),  cut
(0.810783, -0.709942, -93.34),  cut
(0.810823, -0.709946, -93.34),  cut
(0.810851, -0.709948, -93.34),  cut
(0.810875, -0.709951, -93.34),  cut
(0.810903, -0.709953, -93.34),  cut
(0.810943, -0.709957, -93.34),  cut
(0.81097, -0.70996, -93.33),  cut
(0.810996, -0.709963, -93.33),  cut
(0.811023, -0.709965, -93.33),  cut
(0.811063, -0.709969, -93.33),  cut
(0.811089, -0.709972, -93.33),  cut
(0.811114, -0.709974, -93.33),  cut
(0.811141, -0.709977, -93.32),  cut
(0.811173, -0.70998, -93.32),  cut
(0.811199, -0.709983, -93.32),  cut
(0.811223, -0.709985, -93.32),  cut
(0.811243, -0.709987, -93.32),  cut
(0.811263, -0.709989, -93.32),  cut
(0.811303, -0.709993, -93.31),  cut
(0.81133, -0.709995, -93.31),  cut
(0.81134, -0.709996, -93.31),  cut
(0.811341, -0.709997, -93.31),  cut
(0.811358, -0.709998, -93.31),  cut
(0.811397, -0.710002, -93.31),  cut
(0.811421, -0.710004, -93.31),  cut
(0.81145, -0.710007, -93.31),  cut
(0.811477, -0.71001, -93.30),  cut
(0.811502, -0.710012, -93.30),  cut
(0.811515, -0.710014, -93.30),  cut
(0.811539, -0.710016, -93.30),  cut
(0.81156, -0.710018, -93.30),  cut
(0.811588, -0.710021, -93.30),  cut
(0.811616, -0.710024, -93.29),  cut
(0.811654, -0.710027, -93.29),  cut
(0.811678, -0.71003, -93.29),  cut
(0.811706, -0.710033, -93.29),  cut
(0.811732, -0.710035, -93.29),  cut
(0.811757, -0.710038, -93.28),  cut
(0.811799, -0.710042, -93.28),  cut
(0.811826, -0.710044, -93.28),  cut
(0.81185, -0.710047, -93.28),  cut
(0.811868, -0.710048, -93.27),  cut
(0.811893, -0.710051, -93.27),  cut
(0.811929, -0.710055, -93.27),  cut
(0.811955, -0.710057, -93.27),  cut
(0.811983, -0.71006, -93.27),  cut
(0.812008, -0.710062, -93.26),  cut
(0.812025, -0.710064, -93.26),  cut
(0.812057, -0.710067, -93.26),  cut
(0.812076, -0.710069, -93.26),  cut
(0.812096, -0.710071, -93.26),  cut
(0.812118, -0.710073, -93.25),  cut
(0.81214, -0.710075, -93.25),  cut
(0.812162, -0.710077, -93.25),  cut
(0.812187, -0.71008, -93.25),  cut
(0.812212, -0.710082, -93.25),  cut
(0.812232, -0.710084, -93.24),  cut
(0.812254, -0.710087, -93.24),  cut
(0.812287, -0.71009, -93.24),  cut
(0.812308, -0.710092, -93.24),  cut
(0.812325, -0.710093, -93.23),  cut
(0.812368, -0.710098, -93.23),  cut
(0.812374, -0.710098, -93.23),  cut
(0.812398, -0.710101, -93.23),  cut

# Waypoint History - Started at 2026-03-07 12:02:44 - Random Seed 1010
(0.81247, -0.710108, -93.22),  cut
(-0.608737, -0.038641, -7.48),  cut
(-0.608766, -0.038653, -7.19),  cut
(-0.60879, -0.038662, -7.04),  cut
(-0.608819, -0.038673, -7.05),  cut
(-0.608847, -0.038684, -7.05),  cut
(-0.608876, -0.038696, -7.05),  cut
(-0.608907, -0.038707, -7.05),  cut
(-0.608937, -0.038719, -7.06),  cut
(-0.608982, -0.038737, -7.06),  cut
(-0.609011, -0.038748, -7.07),  cut
(-0.609042, -0.03876, -7.07),  cut
(-0.609072, -0.038772, -7.08),  cut
(-0.609103, -0.038784, -7.08),  cut
(-0.609136, -0.038797, -7.08),  cut
(-0.609164, -0.038808, -7.09),  cut
(-0.609209, -0.038825, -7.10),  cut
(-0.609242, -0.038838, -7.10),  cut
(-0.609275, -0.038851, -7.11),  cut
(-0.609302, -0.038861, -7.11),  cut
(-0.609332, -0.038873, -7.12),  cut
(-0.609363, -0.038885, -7.12),  cut
(-0.609408, -0.038902, -7.13),  cut
(-0.609439, -0.038914, -7.14),  cut
(-0.609469, -0.038926, -7.14),  cut
(-0.609496, -0.038937, -7.15),  cut
(-0.609529, -0.038949, -7.16),  cut
(-0.609557, -0.038961, -7.16),  cut
(-0.609604, -0.038979, -7.17),  cut
(-0.532464, -0.114405, -25.02),  cut
(-0.532483, -0.114397, -25.53),  cut
(-0.532502, -0.11439, -25.71),  cut
(-0.53253, -0.114379, -25.71),  cut
(-0.53255, -0.114372, -25.71),  cut
(-0.53257, -0.114364, -25.71),  cut
(-0.53259, -0.114357, -25.71),  cut
(-0.532619, -0.114346, -25.71),  cut
(-0.532639, -0.114338, -25.71),  cut
(-0.53266, -0.11433, -25.71),  cut
(-0.53268, -0.114323, -25.71),  cut
(-0.532698, -0.114316, -25.71),  cut
(-0.53273, -0.114304, -25.72),  cut
(-0.53275, -0.114296, -25.72),  cut
(-0.448581, 0.05237, 31.47),  cut
(-0.44854, 0.05242, 32.89),  cut
(-0.44848, 0.052493, 33.53),  cut
(-0.448438, 0.052543, 33.53),  cut
(-0.448397, 0.052594, 33.54),  cut
(-0.44834, 0.052663, 33.55),  cut
(-0.448296, 0.052717, 33.55),  cut
(-0.448257, 0.052764, 33.56),  cut
(-0.448218, 0.052812, 33.57),  cut
(-0.448158, 0.052884, 33.58),  cut
(-0.448116, 0.052935, 33.58),  cut
(-0.448072, 0.052989, 33.59),  cut
(-0.44803, 0.053039, 33.60),  cut
(-0.447968, 0.053115, 33.61),  cut
(-0.447926, 0.053165, 33.62),  cut
(-0.447882, 0.053219, 33.63),  cut
(-0.029819, -0.100944, -10.31),  cut
(-0.029889, -0.100955, -10.78),  cut
(-0.029963, -0.100967, -10.91),  cut
(-0.030037, -0.100979, -10.91),  cut
(-0.030143, -0.100997, -10.91),  cut
(-0.030222, -0.10101, -10.92),  cut
(-0.0303, -0.101023, -10.92),  cut
(-0.030411, -0.101041, -10.93),  cut
(-0.03049, -0.101053, -10.93),  cut
(-0.030564, -0.101066, -10.93),  cut
(-0.030633, -0.101077, -10.94),  cut
(-0.030744, -0.101095, -10.94),  cut
(-0.030818, -0.101107, -10.94),  cut
(-0.030924, -0.101124, -10.95),  cut
(-0.030993, -0.101136, -10.95),  cut
(-0.031072, -0.101149, -10.96),  cut
(-0.031183, -0.101167, -10.96),  cut
(-0.031257, -0.101179, -10.97),  cut
(-0.031335, -0.101192, -10.97),  cut
(-0.031409, -0.101204, -10.97),  cut
(-0.031516, -0.101221, -10.98),  cut
(-0.03159, -0.101233, -10.98),  cut
(-0.031668, -0.101246, -10.99),  cut
(-0.031779, -0.101264, -11.00),  cut
(-0.031853, -0.101276, -11.00),  cut
(-0.031927, -0.101288, -11.00),  cut
(-0.032038, -0.101306, -11.01),  cut
(-0.032112, -0.101319, -11.02),  cut
(-0.03219, -0.101331, -11.02),  cut
(-0.032301, -0.10135, -11.03),  cut
(-0.032375, -0.101362, -11.03),  cut
(-0.032459, -0.101375, -11.04),  cut
(-0.032569, -0.101393, -11.05),  cut
(-0.032643, -0.101405, -11.05),  cut
(-0.032722, -0.101418, -11.06),  cut
(-0.032833, -0.101436, -11.07),  cut
(-0.032916, -0.10145, -11.08),  cut
(-0.03299, -0.101462, -11.08),  cut
(-0.033101, -0.10148, -11.09),  cut
(-0.033175, -0.101492, -11.10),  cut
(-0.033286, -0.10151, -11.11),  cut
(-0.033355, -0.101522, -11.12),  cut
(-0.033434, -0.101535, -11.13),  cut
(-0.03354, -0.101552, -11.14),  cut
(-0.033609, -0.101563, -11.14),  cut
(-0.033688, -0.101576, -11.15),  cut
(-0.033799, -0.101594, -11.17),  cut
(-0.033877, -0.101607, -11.18),  cut
(-0.033988, -0.101625, -11.19),  cut
(-0.034067, -0.101638, -11.20),  cut
(-0.034141, -0.10165, -11.21),  cut
(-0.034266, -0.101671, -11.24),  cut
(-0.034344, -0.101683, -11.25),  cut
(-0.03446, -0.101702, -11.27),  cut
(0.010208, 0.010607, 31.21),  cut
(0.010148, 0.010619, 32.85),  cut
(0.010061, 0.010636, 33.44),  cut
(0.010004, 0.010647, 33.46),  cut
(0.010541, 0.010612, 33.33),  cut
(0.011898, 0.010542, 33.00),  cut
(0.015322, 0.010473, 32.16),  cut
(0.018154, 0.010508, 31.47),  cut
(0.1825, 0.120344, 32.86),  cut
(0.182527, 0.12036, 32.89),  cut
(0.182564, 0.120382, 32.90),  cut
(0.182588, 0.120397, 32.90),  cut
(0.182626, 0.12042, 32.90),  cut
(0.18265, 0.120434, 32.90),  cut
(0.182676, 0.12045, 32.90),  cut
(0.182711, 0.120471, 32.90),  cut
(0.182736, 0.120486, 32.90),  cut
(0.18276, 0.120501, 32.90),  cut
(0.182784, 0.120515, 32.90),  cut
(0.182822, 0.120538, 32.90),  cut
(0.182846, 0.120553, 32.90),  cut
(0.182883, 0.120575, 32.90),  cut
(0.182907, 0.12059, 32.90),  cut
(0.182931, 0.120604, 32.90),  cut
(0.182968, 0.120626, 32.90),  cut
(0.182993, 0.120642, 32.90),  cut
(0.183017, 0.120656, 32.90),  cut
(0.183051, 0.120677, 32.90),  cut
(0.183075, 0.120691, 32.89),  cut
(0.1831, 0.120707, 32.89),  cut
(0.183137, 0.120729, 32.89),  cut
(0.183164, 0.120745, 32.89),  cut
(0.183201, 0.120767, 32.89),  cut
(0.183227, 0.120784, 32.89),  cut
(0.30602, 0.115589, 14.17),  cut
(0.305985, 0.11556, 13.26),  cut
(0.305959, 0.115539, 13.15),  cut
(0.305923, 0.11551, 13.14),  cut
(0.305898, 0.115491, 13.14),  cut
(0.305874, 0.115471, 13.13),  cut
(0.305838, 0.115442, 13.13),  cut
(0.305813, 0.115422, 13.12),  cut
(0.305789, 0.115402, 13.12),  cut
(0.30575, 0.115371, 13.11),  cut
(0.305725, 0.115351, 13.10),  cut
(0.305702, 0.115332, 13.10),  cut
(0.305664, 0.115301, 13.08),  cut
(0.305639, 0.115282, 13.08),  cut
(0.604826, 0.641273, 54.00),  cut
(0.604842, 0.641278, 54.59),  cut
(0.604853, 0.641281, 54.65),  cut
(0.604864, 0.641284, 54.65),  cut
(0.604881, 0.64129, 54.65),  cut
(0.290786, 0.619351, 83.63),  cut
(0.290767, 0.619386, 84.04),  cut
(0.290738, 0.619438, 84.22),  cut
(0.290719, 0.619473, 84.22),  cut
(0.215773, 0.398765, 96.31),  cut
(0.215781, 0.398781, 96.68),  cut
(0.215792, 0.398804, 96.85),  cut
(0.2158, 0.39882, 96.84),  cut
(0.215811, 0.398843, 96.84),  cut
(0.215819, 0.398859, 96.84),  cut
(0.215826, 0.398874, 96.83),  cut
(0.215837, 0.398897, 96.83),  cut
(0.215844, 0.398913, 96.83),  cut
(0.215852, 0.398929, 96.82),  cut
(0.215863, 0.398952, 96.82),  cut
(0.215871, 0.398968, 96.81),  cut
(0.215878, 0.398983, 96.81),  cut
(0.215886, 0.399, 96.81),  cut
(0.215891, 0.39901, 96.80),  cut
(0.215898, 0.399024, 96.80),  cut
(0.215902, 0.399034, 96.80),  cut
(0.215907, 0.399043, 96.79),  cut
(0.215914, 0.399058, 96.79),  cut
(0.290321, 0.620196, 79.42),  cut
(0.290309, 0.620217, 79.19),  cut
(0.29029, 0.620252, 79.07),  cut
(0.290277, 0.620275, 79.07),  cut
(0.290265, 0.620299, 79.08),  cut
(0.290245, 0.620334, 79.08),  cut
(0.290234, 0.620355, 79.09),  cut
(0.29022, 0.62038, 79.09),  cut
(0.290201, 0.620413, 79.09),  cut
(0.290189, 0.620437, 79.10),  cut
(0.290171, 0.62047, 79.10),  cut
(0.290157, 0.620495, 79.11),  cut
(0.290145, 0.620516, 79.11),  cut
(0.290124, 0.620555, 79.12),  cut
(0.290111, 0.620578, 79.12),  cut
(0.290096, 0.620605, 79.13),  cut
(0.290074, 0.620644, 79.13),  cut
(0.29006, 0.62067, 79.14),  cut
(0.29004, 0.620706, 79.14),  cut
(0.290028, 0.620728, 79.15),  cut
(0.290016, 0.620751, 79.15),  cut
(0.289996, 0.620786, 79.16),  cut
(0.289985, 0.620807, 79.16),  cut
(0.289973, 0.620829, 79.17),  cut
(0.289955, 0.620862, 79.18),  cut
(0.289942, 0.620885, 79.18),  cut
(0.289928, 0.62091, 79.19),  cut
(0.289909, 0.620945, 79.19),  cut
(0.289897, 0.620967, 79.20),  cut
(0.289876, 0.621006, 79.21),  cut
(0.289863, 0.621029, 79.22),  cut
(0.289848, 0.621056, 79.22),  cut
(0.289827, 0.621095, 79.23),  cut
(0.289814, 0.621118, 79.24),  cut
(0.289796, 0.621151, 79.25),  cut
(0.289784, 0.621173, 79.26),  cut
(0.28977, 0.621198, 79.27),  cut
(0.289752, 0.621231, 79.28),  cut
(0.505068, 0.753017, 46.26),  cut
(0.505072, 0.753026, 45.82),  cut
(0.505078, 0.75304, 45.56),  cut
(0.505082, 0.753048, 45.56),  cut
(0.505088, 0.753062, 45.56),  cut
(0.505092, 0.75307, 45.56),  cut
(0.505095, 0.753079, 45.56),  cut
(0.505102, 0.753094, 45.56),  cut
(0.505106, 0.753103, 45.56),  cut
(0.50511, 0.753112, 45.56),  cut
(0.505115, 0.753125, 45.56),  cut
(0.50512, 0.753135, 45.56),  cut
(0.505126, 0.753148, 45.57),  cut
(0.505129, 0.753157, 45.57),  cut
(0.505135, 0.75317, 45.57),  cut
(0.505139, 0.753178, 45.57),  cut
(0.505142, 0.753186, 45.57),  cut
(0.505148, 0.753199, 45.57),  cut
(0.505151, 0.753208, 45.57),  cut
(0.505157, 0.753221, 45.57),  cut
(0.505161, 0.753229, 45.57),  cut
(0.505165, 0.753238, 45.57),  cut
(0.505171, 0.753252, 45.58),  cut
(0.505175, 0.753261, 45.58),  cut
(0.50518, 0.753273, 45.58),  cut
(0.505184, 0.753283, 45.58),  cut
(0.505188, 0.753292, 45.58),  cut
(0.505194, 0.753305, 45.58),  cut
(0.505198, 0.753314, 45.58),  cut
(0.505203, 0.753326, 45.58),  cut
(0.505207, 0.753335, 45.59),  cut
(0.505211, 0.753345, 45.59),  cut
(0.505216, 0.753356, 45.59),  cut
(0.50522, 0.753364, 45.59),  cut
(0.505225, 0.753378, 45.59),  cut
(0.505229, 0.753386, 45.59),  cut
(0.505232, 0.753394, 45.59),  cut
(0.505238, 0.753407, 45.60),  cut
(0.505242, 0.753415, 45.60),  cut
(0.505247, 0.753427, 45.60),  cut
(0.505251, 0.753436, 45.60),  cut
(0.505254, 0.753444, 45.60),  cut
(0.576122, 0.68836, 3.82),  cut
(0.579474, 0.691784, 3.81),  cut
(0.582831, 0.695214, 4.70),  cut
(0.587588, 0.700073, 6.59),  cut
(0.590945, 0.703503, 7.88),  cut
(0.595702, 0.708362, 9.68),  cut
(0.5985, 0.711221, 10.71),  cut
(0.603243, 0.716059, 12.39),  cut
(0.60642, 0.719214, 13.46),  cut
(0.609333, 0.722105, 14.41),  cut
(0.613569, 0.726309, 15.75),  cut
(0.616745, 0.729462, 16.73),  cut
(0.621511, 0.734192, 18.17),  cut
(0.624423, 0.737083, 19.02),  cut
(0.628659, 0.741287, 20.22),  cut
(0.632101, 0.744703, 21.17),  cut
(0.636866, 0.749433, 22.43),  cut
(0.640043, 0.752587, 23.24),  cut
(0.644543, 0.757054, 24.34),  cut
(0.64772, 0.760207, 25.09),  cut
(0.650633, 0.763098, 25.75),  cut
(0.655133, 0.767565, 26.74),  cut
(0.658045, 0.770455, 27.36),  cut
(0.662811, 0.775185, 28.33),  cut
(0.665723, 0.778076, 28.91),  cut
(0.670488, 0.782806, 29.81),  cut
(0.673665, 0.785959, 30.38),  cut
(0.676577, 0.78885, 30.89),  cut
(0.681343, 0.793579, 31.68),  cut
(0.684785, 0.796996, 32.24),  cut
(0.690079, 0.802251, 33.06),  cut
(0.693256, 0.805404, 33.53),  cut
(0.696168, 0.808295, 33.94),  cut
(0.701199, 0.813288, 34.61),  cut
(0.704376, 0.816441, 35.02),  cut
(0.70967, 0.821696, 35.68),  cut
(0.712583, 0.824587, 36.02),  cut
(0.717083, 0.829054, 36.52),  cut
(0.72026, 0.832207, 36.85),  cut
(0.724761, 0.836674, 37.31),  cut
(0.728202, 0.840091, 37.64),  cut
(0.731379, 0.843244, 37.94),  cut
(0.73588, 0.847711, 38.33),  cut
(0.739057, 0.850864, 38.60),  cut
(0.744087, 0.855857, 39.01),  cut
(0.747529, 0.859273, 39.28),  cut
(0.750441, 0.862164, 39.49),  cut
(0.755206, 0.866894, 39.82),  cut
(0.758118, 0.869784, 40.02),  cut
(0.762354, 0.873988, 40.28),  cut
(0.765796, 0.877405, 40.49),  cut
(0.768973, 0.880558, 40.68),  cut
(0.773738, 0.885288, 40.94),  cut
(0.77665, 0.888178, 41.09),  cut
(0.781416, 0.892908, 41.33),  cut
(0.796299, 0.965807, 56.60),  cut
(0.80012, 0.96991, 56.72),  cut
(0.806169, 0.976407, 56.45),  cut
(0.809353, 0.979826, 56.19),  cut
(0.814172, 0.977925, 54.43),  cut
(0.817172, 0.976462, 53.22),  cut
(0.821423, 0.974389, 51.45),  cut
(0.824673, 0.972804, 50.06),  cut
(0.827674, 0.971341, 48.75),  cut
(0.832174, 0.969146, 46.72),  cut
(0.835425, 0.967561, 45.21),  cut
(0.839675, 0.965489, 43.19),  cut
(0.842675, 0.964026, 41.74),  cut
(0.847676, 0.961587, 39.25),  cut
(0.850676, 0.960124, 37.72),  cut
(0.85, 0.45, -78.27),  cut
(0.87468, 0.482424, -73.48),  cut
(0.874729, 0.482391, -73.33),  cut
(0.874763, 0.482368, -73.31),  cut
(0.874794, 0.482346, -73.31),  cut
(0.874851, 0.482308, -73.30),  cut
(0.874882, 0.482286, -73.29),  cut
(0.874927, 0.482255, -73.28),  cut
(0.874959, 0.482234, -73.28),  cut
(0.87501, 0.482199, -73.27),  cut
(0.875044, 0.482176, -73.26),  cut
(0.875081, 0.482151, -73.26),  cut
(0.875129, 0.482118, -73.25),  cut
(0.875169, 0.482091, -73.24),  cut
(0.87522, 0.482057, -73.23),  cut
(0.875254, 0.482033, -73.22),  cut
(0.875314, 0.481993, -73.21),  cut
(0.875351, 0.481968, -73.20),  cut
(0.875399, 0.481935, -73.19),  cut
(0.875436, 0.48191, -73.18),  cut
(0.875493, 0.481871, -73.17),  cut
(0.875532, 0.481844, -73.16),  cut
(0.875583, 0.481809, -73.14),  cut
(0.87562, 0.481784, -73.13),  cut
(0.875674, 0.481747, -73.12),  cut
(0.875708, 0.481724, -73.11),  cut
(0.875759, 0.48169, -73.09),  cut
(0.875794, 0.481666, -73.08),  cut
(0.875842, 0.481634, -73.06),  cut
(0.875876, 0.48161, -73.05),  cut
(0.875924, 0.481578, -73.03),  cut
(0.869351, 0.425671, -80.58),  cut
(0.869381, 0.425731, -80.87),  cut
(0.869401, 0.425773, -80.92),  cut
(0.86943, 0.425833, -80.91),  cut
(0.869449, 0.425872, -80.90),  cut
(0.86948, 0.425935, -80.88),  cut
(0.869497, 0.42597, -80.87),  cut
(0.869528, 0.426034, -80.85),  cut
(0.869549, 0.426076, -80.84),  cut
(0.946438, 0.069114, -78.58),  cut
(0.948493, 0.065658, -78.40),  cut
(0.951482, 0.060632, -78.16),  cut
(0.95335, 0.05749, -78.02),  cut
(0.956526, 0.05215, -77.77),  cut
(0.958768, 0.04838, -77.61),  cut
(0.961944, 0.043039, -77.37),  cut
(0.963999, 0.039583, -77.22),  cut
(0.967175, 0.034243, -76.98),  cut
(0.970724, 0.028274, -76.72),  cut
(0.972966, 0.024504, -76.56),  cut
(0.976142, 0.019163, -76.34),  cut
(0.97857, 0.015079, -76.17),  cut
(0.981933, 0.009425, -75.93),  cut
(0.984175, 0.005655, -75.78),  cut
(0.987538, -0.0, -75.55),  cut
(0.989806, -0.005625, -75.44),  cut
(0.988969, -0.008814, -75.64),  cut
(0.987811, -0.01323, -75.92),  cut
(0.986974, -0.016419, -76.12),  cut
(0.985751, -0.021081, -76.41),  cut
(0.984979, -0.024025, -76.59),  cut
(0.98382, -0.028441, -76.87),  cut
(0.982983, -0.03163, -77.07),  cut
(0.981761, -0.036291, -77.36),  cut
(0.980988, -0.039235, -77.54),  cut
(0.979765, -0.043896, -77.83),  cut
(0.978929, -0.047086, -78.02),  cut
(0.97777, -0.051502, -78.30),  cut
(0.977062, -0.0542, -78.46),  cut
(0.975903, -0.058616, -78.73),  cut
(0.975002, -0.062051, -78.95),  cut
(0.973715, -0.066958, -79.25),  cut
(0.972943, -0.069902, -79.43),  cut
(0.971656, -0.074808, -79.73),  cut
(0.970883, -0.077752, -79.91),  cut
(0.96966, -0.082413, -80.19),  cut
(0.968888, -0.085357, -80.37),  cut
(0.967665, -0.090019, -80.65),  cut
(0.966828, -0.093208, -80.84),  cut
(0.965605, -0.097869, -81.12),  cut
(0.964511, -0.10204, -81.37),  cut
(0.963546, -0.10572, -81.59),  cut
(0.962387, -0.110136, -81.86),  cut
(0.961486, -0.11357, -82.06),  cut
(0.960328, -0.117986, -82.32),  cut
(0.959555, -0.12093, -82.49),  cut
(0.958332, -0.125592, -82.77),  cut
(0.957496, -0.128781, -82.96),  cut
(0.956273, -0.133442, -83.23),  cut
(0.955436, -0.136632, -83.42),  cut
(0.888341, -0.142377, -93.72),  cut
(0.886504, -0.141835, -94.16),  cut
(0.883818, -0.141042, -94.65),  cut
(0.881839, -0.140458, -94.98),  cut
(0.879153, -0.139666, -95.44),  cut
(0.876608, -0.138915, -95.89),  cut
(0.874771, -0.138373, -96.22),  cut
(0.872085, -0.13758, -96.71),  cut
(0.869964, -0.136954, -97.11),  cut
(0.867279, -0.136162, -97.63),  cut
(0.865441, -0.13562, -98.00),  cut
(0.862614, -0.134785, -98.57),  cut
(0.860069, -0.134035, -99.10),  cut
(0.858232, -0.133492, -99.49),  cut
(0.855546, -0.1327, -100.08),  cut
(0.853708, -0.132157, -100.49),  cut
(0.850881, -0.131323, -101.14),  cut
(0.849185, -0.130823, -101.55),  cut
(0.846499, -0.13003, -102.20),  cut
(0.843813, -0.129238, -102.88),  cut
(0.841975, -0.128695, -103.35),  cut
(0.839431, -0.127944, -104.03),  cut
(0.837734, -0.127444, -104.49),  cut
(0.835049, -0.126651, -105.25),  cut
(0.832363, -0.125859, -106.04),  cut
(0.830666, -0.125358, -106.55),  cut
(0.828405, -0.124691, -107.25),  cut
(0.826708, -0.12419, -107.79),  cut
(0.824023, -0.123398, -108.67),  cut
(0.821337, -0.122605, -109.60),  cut
(0.819499, -0.122063, -110.26),  cut
(0.816955, -0.121312, -111.20),  cut
(0.815117, -0.12077, -111.90),  cut
(0.812431, -0.119977, -112.97),  cut
(0.810028, -0.119268, -113.98),  cut
(0.808049, -0.118684, -114.84),  cut
(0.805504, -0.117933, -115.99),  cut
(0.803667, -0.117391, -116.86),  cut
(0.801405, -0.116724, -117.97),  cut
(0.913536, -0.296342, -78.83),  cut
(0.912763, -0.299286, -78.49),  cut
(0.911541, -0.303947, -78.62),  cut
(0.910318, -0.308608, -79.06),  cut
(0.909481, -0.311798, -79.36),  cut
(0.908322, -0.316214, -79.78),  cut
(0.907486, -0.319403, -80.07),  cut
(0.906263, -0.324064, -80.51),  cut
(0.905104, -0.32848, -80.92),  cut
(0.904267, -0.33167, -81.21),  cut
(0.903109, -0.336085, -81.62),  cut
(0.902337, -0.339029, -81.89),  cut
(0.901114, -0.343691, -82.31),  cut
(0.900277, -0.34688, -82.60),  cut
(0.899183, -0.351051, -82.98),  cut
(0.898282, -0.354485, -83.28),  cut
(0.897059, -0.359147, -83.70),  cut
(0.895836, -0.363808, -84.12),  cut
(0.895064, -0.366752, -84.38),  cut
(0.893841, -0.371413, -84.79),  cut
(0.89294, -0.374848, -85.09),  cut
(0.891781, -0.379264, -85.47),  cut
(0.890944, -0.382453, -85.75),  cut
(0.889721, -0.387114, -86.15),  cut
(0.888949, -0.390058, -86.40),  cut
(0.887726, -0.39472, -86.80),  cut
(0.886825, -0.398154, -87.09),  cut
(0.885602, -0.402815, -87.48),  cut
(0.88483, -0.405759, -87.73),  cut
(0.883543, -0.410666, -88.13),  cut
(0.882835, -0.413365, -88.36),  cut
(0.881612, -0.418026, -88.74),  cut
(0.880839, -0.42097, -88.98),  cut
(0.879616, -0.425631, -89.35),  cut
(0.87878, -0.428821, -89.61),  cut
(0.877557, -0.433482, -89.98),  cut
(0.876398, -0.437898, -90.33),  cut
(0.875562, -0.441087, -90.58),  cut
(0.874339, -0.445748, -90.94),  cut
(0.873566, -0.448692, -91.17),  cut
(0.872408, -0.453108, -91.51),  cut
(0.871635, -0.456052, -91.73),  cut
(0.870413, -0.460714, -92.08),  cut
(0.869576, -0.463903, -92.32),  cut
(0.868289, -0.468809, -92.68),  cut
(0.867001, -0.473716, -93.04),  cut
(0.8661, -0.477151, -93.29),  cut
(0.864877, -0.481812, -93.63),  cut
(0.864105, -0.484756, -93.84),  cut
(0.862818, -0.489663, -94.18),  cut
(0.861917, -0.493097, -94.42),  cut
(0.860758, -0.497513, -94.72),  cut
(0.859471, -0.50242, -95.06),  cut
(0.858698, -0.505364, -95.26),  cut
(0.857476, -0.510025, -95.57),  cut
(0.856639, -0.513214, -95.78),  cut
(0.855416, -0.517876, -96.08),  cut
(0.854579, -0.521065, -96.29),  cut
(0.853421, -0.525481, -96.57),  cut
(0.852198, -0.530142, -96.86),  cut
(0.851361, -0.533331, -97.06),  cut
(0.850203, -0.537747, -97.32),  cut
(0.849366, -0.540937, -97.51),  cut
(0.848014, -0.546089, -97.82),  cut
(0.847178, -0.549278, -98.01),  cut
(0.845955, -0.553939, -98.28),  cut
(0.845054, -0.557374, -98.47),  cut
(0.843895, -0.56179, -98.72),  cut
(0.843123, -0.564734, -98.88),  cut
(0.841771, -0.569886, -99.16),  cut
(0.840999, -0.57283, -99.32),  cut
(0.839776, -0.577491, -99.57),  cut
(0.790098, -0.707904, -106.04),  cut
(0.790113, -0.707905, -106.18),  cut
(0.790132, -0.707907, -106.21),  cut
(0.790146, -0.707908, -106.21),  cut
(0.790168, -0.70791, -106.20),  cut
(0.790181, -0.707912, -106.20),  cut
(0.790201, -0.707914, -106.19),  cut
(0.790221, -0.707916, -106.18),  cut
(0.790234, -0.707917, -106.18),  cut
(0.790254, -0.707919, -106.17),  cut
(0.790266, -0.70792, -106.17),  cut
(0.790286, -0.707922, -106.16),  cut
(0.790298, -0.707923, -106.16),  cut
(0.790318, -0.707925, -106.15),  cut
(0.790332, -0.707927, -106.15),  cut
(0.790354, -0.707929, -106.14),  cut
(0.790374, -0.707931, -106.13),  cut
(0.79039, -0.707932, -106.12),  cut
(0.790411, -0.707934, -106.11),  cut
(0.79043, -0.707936, -106.10),  cut
(0.790445, -0.707938, -106.10),  cut
(0.790466, -0.70794, -106.09),  cut
(0.709177, -0.803014, -119.33),  cut
(0.709183, -0.803024, -119.78),  cut
(0.709187, -0.803031, -119.83),  cut
(0.709192, -0.803041, -119.83),  cut
(0.709196, -0.803047, -119.83),  cut
(0.709201, -0.803057, -119.82),  cut
(0.709207, -0.803067, -119.82),  cut
(0.709211, -0.803074, -119.82),  cut
(0.709216, -0.803083, -119.81),  cut
(0.70922, -0.803091, -119.81),  cut
(0.709224, -0.803099, -119.81),  cut
(0.70923, -0.803109, -119.80),  cut
(0.709233, -0.803115, -119.80),  cut
(0.709239, -0.803125, -119.80),  cut
(0.709244, -0.803135, -119.79),  cut
(0.709248, -0.803141, -119.79),  cut
(0.709253, -0.803152, -119.79),  cut
(0.709257, -0.803158, -119.78),  cut
(0.356486, -0.857024, -160.15),  cut
(0.356502, -0.857058, -160.60),  cut
(0.356526, -0.85711, -160.87),  cut
(0.356548, -0.857158, -160.87),  cut
(0.396053, -0.686058, 173.79),  cut
(0.396056, -0.68608, 173.19),  cut
(0.396059, -0.6861, 173.13),  cut
(0.396061, -0.686114, 173.14),  cut
(0.396064, -0.686136, 173.14),  cut
(0.396067, -0.686157, 173.14),  cut
(0.39607, -0.686171, 173.15),  cut
(0.396073, -0.686192, 173.15),  cut
(0.396076, -0.686213, 173.16),  cut
(0.396078, -0.686227, 173.16),  cut
(0.396081, -0.686247, 173.16),  cut
(0.396083, -0.68626, 173.16),  cut
(0.396086, -0.686281, 173.17),  cut
(0.396089, -0.686301, 173.17),  cut
(0.396091, -0.686314, 173.18),  cut
(0.396094, -0.686335, 173.18),  cut
(0.396096, -0.686355, 173.19),  cut
(0.396098, -0.686369, 173.19),  cut
(0.396101, -0.686388, 173.20),  cut
(0.396104, -0.686408, 173.20),  cut
(0.396107, -0.686428, 173.21),  cut
(0.39611, -0.686448, 173.21),  cut
(0.396112, -0.686462, 173.22),  cut
(0.396115, -0.686481, 173.22),  cut
(0.396117, -0.686492, 173.23),  cut
(0.39612, -0.686514, 173.23),  cut
(0.396122, -0.686528, 173.24),  cut
(0.396125, -0.686549, 173.25),  cut
(0.396128, -0.686571, 173.25),  cut
(0.396131, -0.686593, 173.26),  cut
(0.396134, -0.686608, 173.27),  cut
(0.396137, -0.686629, 173.28),  cut
(0.39614, -0.686651, 173.29),  cut
(0.396143, -0.686671, 173.30),  cut
(0.358602, -0.625623, 153.01),  cut
(0.358606, -0.625658, 152.11),  cut
(0.358611, -0.625697, 151.90),  cut
(0.358616, -0.625736, 151.92),  cut
(0.35862, -0.625764, 151.93),  cut
(0.358625, -0.625805, 151.94),  cut
(0.086386, -0.899768, -149.77),  cut
(0.087887, -0.898876, -148.86),  cut
(0.088937, -0.898251, -148.81),  cut
(0.090437, -0.897359, -148.81),  cut
(0.091938, -0.896467, -148.81),  cut
(0.093438, -0.895575, -148.81),  cut
(0.094864, -0.894728, -148.80),  cut
(0.095764, -0.894192, -148.80),  cut
(0.097265, -0.8933, -148.80),  cut
(0.098765, -0.892408, -148.80),  cut
(0.10034, -0.891471, -148.80),  cut
(0.101391, -0.890847, -148.79),  cut
(0.102966, -0.88991, -148.79),  cut
(0.104392, -0.889063, -148.79),  cut
(0.105442, -0.888438, -148.79),  cut
(0.106942, -0.887546, -148.78),  cut
(0.108368, -0.886698, -148.78),  cut
(0.109343, -0.886119, -148.78),  cut
(0.110619, -0.88536, -148.78),  cut
(0.112044, -0.884513, -148.77),  cut
(0.113319, -0.883754, -148.77),  cut
(0.114745, -0.882907, -148.77),  cut
(0.115645, -0.882372, -148.77),  cut
(0.11707, -0.881524, -148.76),  cut
(0.117896, -0.881033, -148.76),  cut
(0.119396, -0.880141, -148.76),  cut
(0.120747, -0.879338, -148.75),  cut
(0.122022, -0.87858, -148.75),  cut
(0.123072, -0.877956, -148.75),  cut
(0.124273, -0.877242, -148.74),  cut
(0.125623, -0.876439, -148.74),  cut
(0.127048, -0.875592, -148.73),  cut
(0.127874, -0.875101, -148.73),  cut
(0.129374, -0.874209, -148.72),  cut
(0.130725, -0.873406, -148.72),  cut
(0.131625, -0.872871, -148.71),  cut
(0.13305, -0.872023, -148.71),  cut
(0.134551, -0.871131, -148.70),  cut
(-0.261816, -0.908675, -168.73),  cut
(-0.260701, -0.910425, -168.71),  cut
(-0.25907, -0.912983, -168.46),  cut
(-0.25744, -0.915541, -168.12),  cut
(-0.256325, -0.917291, -167.88),  cut
(-0.25478, -0.919715, -167.55),  cut
(-0.252979, -0.922542, -167.15),  cut

# Waypoint History - Started at 2026-03-07 12:05:52 - Random Seed 1010
(-0.248688, -0.929274, -166.16),  cut
(-0.608759, -0.03865, -6.69),  cut
(-0.608802, -0.038667, -5.43),  cut
(-0.608847, -0.038684, -5.31),  cut
(-0.60888, -0.038697, -5.31),  cut
(-0.608925, -0.038715, -5.32),  cut
(-0.608972, -0.038733, -5.32),  cut
(-0.609019, -0.038751, -5.33),  cut
(-0.609052, -0.038764, -5.33),  cut
(-0.609099, -0.038782, -5.34),  cut
(-0.609144, -0.0388, -5.34),  cut
(-0.609191, -0.038818, -5.35),  cut
(-0.60924, -0.038837, -5.36),  cut
(-0.609273, -0.03885, -5.36),  cut
(-0.609318, -0.038867, -5.37),  cut
(-0.609367, -0.038887, -5.38),  cut
(-0.609414, -0.038905, -5.39),  cut
(-0.609465, -0.038925, -5.39),  cut
(-0.609512, -0.038943, -5.40),  cut
(-0.609559, -0.038961, -5.41),  cut
(-0.609592, -0.038974, -5.42),  cut
(-0.532473, -0.114401, -23.94),  cut
(-0.532505, -0.114389, -24.83),  cut
(-0.532537, -0.114377, -25.10),  cut
(-0.532567, -0.114365, -25.10),  cut
(-0.532602, -0.114352, -25.10),  cut
(-0.532633, -0.114341, -25.10),  cut
(-0.532665, -0.114328, -25.10),  cut
(-0.532697, -0.114316, -25.10),  cut
(-0.532729, -0.114304, -25.10),  cut
(-0.532761, -0.114292, -25.11),  cut
(-0.448537, 0.052423, 32.29),  cut
(-0.448472, 0.052502, 34.53),  cut
(-0.44841, 0.052578, 34.54),  cut
(-0.448392, 0.0526, 34.54),  cut
(-0.448345, 0.052657, 34.55),  cut
(-0.448272, 0.052746, 34.56),  cut
(-0.448207, 0.052824, 34.57),  cut
(-0.448147, 0.052897, 34.58),  cut
(-0.448082, 0.052976, 34.59),  cut
(-0.448017, 0.053055, 34.60),  cut
(-0.447952, 0.053134, 34.61),  cut
(-0.447885, 0.053216, 34.63),  cut
(-0.44782, 0.053295, 34.64),  cut
(-0.029949, -0.100965, -10.52),  cut
(-0.494953, 0.229536, 82.02),  cut
(-0.030171, -0.101001, -11.49),  cut
(-0.030286, -0.10102, -12.37),  cut
(-0.030406, -0.10104, -12.65),  cut
(-0.030517, -0.101058, -12.66),  cut
(-0.030633, -0.101077, -12.66),  cut
(-0.030753, -0.101097, -12.67),  cut
(-0.030869, -0.101115, -12.67),  cut
(-0.03098, -0.101134, -12.68),  cut
(-0.031095, -0.101152, -12.68),  cut
(-0.031211, -0.101171, -12.69),  cut
(-0.031326, -0.10119, -12.70),  cut
(-0.031437, -0.101208, -12.70),  cut
(-0.031553, -0.101227, -12.71),  cut
(-0.031664, -0.101245, -12.72),  cut
(-0.031784, -0.101265, -12.72),  cut
(-0.03189, -0.101282, -12.73),  cut
(-0.032006, -0.101301, -12.74),  cut
(-0.032112, -0.101319, -12.75),  cut
(-0.032232, -0.101338, -12.75),  cut
(-0.032343, -0.101356, -12.76),  cut
(-0.032463, -0.101376, -12.77),  cut
(-0.032574, -0.101394, -12.78),  cut
(-0.03269, -0.101413, -12.79),  cut
(-0.03281, -0.101433, -12.80),  cut
(-0.032925, -0.101452, -12.81),  cut
(-0.033036, -0.10147, -12.82),  cut
(-0.033152, -0.101489, -12.83),  cut
(-0.033258, -0.101506, -12.84),  cut
(-0.033374, -0.101525, -12.85),  cut
(-0.033489, -0.101544, -12.86),  cut
(-0.0336, -0.101562, -12.87),  cut
(-0.033753, -0.101587, -12.89),  cut
(-0.033868, -0.101606, -12.91),  cut
(-0.033988, -0.101625, -12.92),  cut
(-0.034099, -0.101643, -12.94),  cut
(-0.034215, -0.101662, -12.95),  cut
(-0.034326, -0.10168, -12.97),  cut
(-0.034446, -0.1017, -12.99),  cut
(-0.034561, -0.101719, -13.02),  cut
(-0.034677, -0.101738, -13.04),  cut
(0.010031, 0.010642, 30.89),  cut
(0.009948, 0.010658, 33.32),  cut
(0.01243, 0.012305, 33.62),  cut
(0.019677, 0.016722, 33.50),  cut
(0.026646, 0.02097, 33.38),  cut
(0.033057, 0.024877, 33.27),  cut
(0.040025, 0.029125, 33.16),  cut
(0.044485, 0.031843, 33.09),  cut
(0.054241, 0.03779, 32.95),  cut
(0.060652, 0.041697, 32.86),  cut
(0.06762, 0.045945, 32.77),  cut
(0.07431, 0.050022, 32.69),  cut
(0.081836, 0.054609, 32.60),  cut
(0.088525, 0.058687, 32.52),  cut
(0.095773, 0.063104, 32.45),  cut
(0.102462, 0.067182, 32.38),  cut
(0.109709, 0.071599, 32.31),  cut
(0.116399, 0.075676, 32.25),  cut
(0.123368, 0.079924, 32.19),  cut
(0.130057, 0.084001, 32.13),  cut
(0.136747, 0.088079, 32.08),  cut
(0.143715, 0.092326, 32.03),  cut
(0.150405, 0.096404, 31.98),  cut
(0.157095, 0.100481, 31.94),  cut
(0.183196, 0.120765, 33.29),  cut
(0.183232, 0.120786, 33.39),  cut
(0.183268, 0.120808, 33.41),  cut
(0.183295, 0.120825, 33.41),  cut
(0.305953, 0.115535, 14.30),  cut
(0.305926, 0.115513, 13.59),  cut
(0.305901, 0.115493, 13.44),  cut
(0.305874, 0.115471, 13.43),  cut
(0.305847, 0.11545, 13.43),  cut
(0.305821, 0.115429, 13.42),  cut
(0.305794, 0.115407, 13.42),  cut
(0.305765, 0.115383, 13.41),  cut
(0.305736, 0.11536, 13.41),  cut
(0.30571, 0.115339, 13.40),  cut
(0.305684, 0.115318, 13.39),  cut
(0.305657, 0.115296, 13.39),  cut
(0.305631, 0.115275, 13.38),  cut
(0.305601, 0.115251, 13.37),  cut
(0.604842, 0.641278, 53.63),  cut
(0.604855, 0.641282, 54.06),  cut
(0.604868, 0.641286, 54.10),  cut
(0.604881, 0.64129, 54.10),  cut
(0.290785, 0.619353, 82.19),  cut
(0.290763, 0.619392, 82.62),  cut
(0.290743, 0.619429, 82.64),  cut
(0.290723, 0.619465, 82.65),  cut
(0.215772, 0.398761, 92.88),  cut
(0.215779, 0.398777, 93.17),  cut
(0.215787, 0.398793, 93.18),  cut
(0.215794, 0.398808, 93.18),  cut
(0.215802, 0.398825, 93.18),  cut
(0.21581, 0.39884, 93.17),  cut
(0.215817, 0.398855, 93.17),  cut
(0.215824, 0.39887, 93.17),  cut
(0.215831, 0.398885, 93.17),  cut
(0.215839, 0.398902, 93.16),  cut
(0.215847, 0.398918, 93.16),  cut
(0.215855, 0.398935, 93.16),  cut
(0.215863, 0.398952, 93.16),  cut
(0.215872, 0.398969, 93.15),  cut
(0.21588, 0.398986, 93.15),  cut
(0.215888, 0.399004, 93.14),  cut
(0.215897, 0.399022, 93.14),  cut
(0.215905, 0.39904, 93.14),  cut
(0.215914, 0.399058, 93.13),  cut
(0.215922, 0.399074, 93.13),  cut
(0.290296, 0.620242, 78.20),  cut
(0.290275, 0.620279, 77.87),  cut
(0.290256, 0.620314, 77.83),  cut
(0.290234, 0.620355, 77.84),  cut
(0.290214, 0.62039, 77.84),  cut
(0.290192, 0.620431, 77.85),  cut
(0.290172, 0.620468, 77.86),  cut
(0.290149, 0.620508, 77.86),  cut
(0.290126, 0.620551, 77.87),  cut
(0.290106, 0.620586, 77.87),  cut
(0.290087, 0.620621, 77.88),  cut
(0.29007, 0.620652, 77.89),  cut
(0.290052, 0.620685, 77.89),  cut
(0.290033, 0.62072, 77.90),  cut
(0.290015, 0.620753, 77.91),  cut
(0.289996, 0.620786, 77.91),  cut
(0.289978, 0.620819, 77.92),  cut
(0.28996, 0.620852, 77.93),  cut
(0.289942, 0.620885, 77.93),  cut
(0.289924, 0.620918, 77.94),  cut
(0.289903, 0.620955, 77.95),  cut
(0.289884, 0.62099, 77.96),  cut
(0.289866, 0.621023, 77.97),  cut
(0.289845, 0.621062, 77.98),  cut
(0.289821, 0.621105, 77.99),  cut
(0.2898, 0.621143, 78.00),  cut
(0.289778, 0.621182, 78.01),  cut
(0.289758, 0.621219, 78.02),  cut
(0.289735, 0.621262, 78.04),  cut
(0.505076, 0.753035, 45.87),  cut
(0.505082, 0.753049, 45.18),  cut
(0.505089, 0.753064, 45.15),  cut
(0.505095, 0.753078, 45.15),  cut
(0.505101, 0.753093, 45.15),  cut
(0.505108, 0.753108, 45.15),  cut
(0.505114, 0.753121, 45.15),  cut
(0.50512, 0.753136, 45.15),  cut
(0.505126, 0.753149, 45.16),  cut
(0.505132, 0.753163, 45.16),  cut
(0.505137, 0.753175, 45.16),  cut
(0.505143, 0.753189, 45.16),  cut
(0.505149, 0.753203, 45.16),  cut
(0.505155, 0.753216, 45.16),  cut
(0.505162, 0.753231, 45.16),  cut
(0.505168, 0.753245, 45.16),  cut
(0.505175, 0.753262, 45.17),  cut
(0.505181, 0.753275, 45.17),  cut
(0.505187, 0.753289, 45.17),  cut
(0.505192, 0.753302, 45.17),  cut
(0.505198, 0.753315, 45.17),  cut
(0.505204, 0.753329, 45.17),  cut
(0.505211, 0.753345, 45.18),  cut
(0.505217, 0.753358, 45.18),  cut
(0.505223, 0.753372, 45.18),  cut
(0.505229, 0.753386, 45.18),  cut
(0.505235, 0.753399, 45.18),  cut
(0.50524, 0.753411, 45.19),  cut
(0.505246, 0.753425, 45.19),  cut
(0.505251, 0.753437, 45.19),  cut
(0.505258, 0.753452, 45.19),  cut
(0.57227, 0.684412, 3.47),  cut
(0.57742, 0.689599, 3.40),  cut
(0.583052, 0.69527, 5.33),  cut
(0.588684, 0.700942, 7.56),  cut
(0.595161, 0.707465, 10.04),  cut
(0.600793, 0.713138, 12.12),  cut
(0.60653, 0.718819, 14.10),  cut
(0.61133, 0.723505, 15.66),  cut
(0.616664, 0.728711, 17.31),  cut
(0.621198, 0.733137, 18.66),  cut
(0.625998, 0.737823, 20.02),  cut
(0.630532, 0.742248, 21.26),  cut
(0.635333, 0.746934, 22.50),  cut
(0.639866, 0.75136, 23.63),  cut
(0.644133, 0.755525, 24.65),  cut
(0.648934, 0.760211, 25.74),  cut
(0.654801, 0.765938, 27.02),  cut
(0.658001, 0.769062, 27.68),  cut
(0.664135, 0.775049, 28.87),  cut
(0.668669, 0.779475, 29.72),  cut
(0.673469, 0.784161, 30.56),  cut
(0.678536, 0.789107, 31.40),  cut
(0.683337, 0.793793, 32.16),  cut
(0.688137, 0.798479, 32.87),  cut
(0.692937, 0.803165, 33.55),  cut
(0.660906, 0.842323, 58.48),  cut
(0.666944, 0.845878, 58.44),  cut
(0.707872, 0.817743, 33.99),  cut
(0.712939, 0.822689, 33.07),  cut
(0.71774, 0.827375, 33.50),  cut
(0.722807, 0.832321, 34.20),  cut
(0.727607, 0.837007, 34.82),  cut
(0.732408, 0.841693, 35.41),  cut
(0.737208, 0.846379, 35.97),  cut
(0.741475, 0.850544, 36.43),  cut
(0.746275, 0.85523, 36.93),  cut
(0.751342, 0.860176, 37.42),  cut
(0.755876, 0.864602, 37.84),  cut
(0.760943, 0.869548, 38.27),  cut
(0.76601, 0.874494, 38.68),  cut
(0.770544, 0.87892, 39.03),  cut
(0.777211, 0.885428, 39.50),  cut
(0.782278, 0.890374, 39.84),  cut
(0.787346, 0.89532, 40.15),  cut
(0.792146, 0.900006, 40.42),  cut
(0.785416, 0.979762, 63.81),  cut
(0.789242, 0.977545, 63.25),  cut
(0.792856, 0.975451, 61.70),  cut
(0.796469, 0.973357, 59.95),  cut
(0.79987, 0.971386, 58.22),  cut
(0.803483, 0.969291, 56.29),  cut
(0.807096, 0.967197, 54.26),  cut
(0.85, 0.45, None),  cut
(0.85, 0.45, -75.92),  cut
(0.874791, 0.482348, -69.53),  cut
(0.874845, 0.482312, -69.35),  cut
(0.874899, 0.482275, -69.28),  cut
(0.87495, 0.48224, -69.28),  cut
(0.874998, 0.482207, -69.27),  cut
(0.875067, 0.482161, -69.26),  cut
(0.875121, 0.482124, -69.25),  cut
(0.875175, 0.482087, -69.24),  cut
(0.875228, 0.482051, -69.23),  cut
(0.875277, 0.482018, -69.22),  cut
(0.875331, 0.481981, -69.21),  cut
(0.875382, 0.481946, -69.20),  cut
(0.87543, 0.481914, -69.19),  cut
(0.875484, 0.481877, -69.18),  cut
(0.875555, 0.481829, -69.16),  cut
(0.875609, 0.481792, -69.15),  cut
(0.875663, 0.481755, -69.13),  cut
(0.875714, 0.48172, -69.12),  cut
(0.875765, 0.481686, -69.11),  cut
(0.875813, 0.481653, -69.09),  cut
(0.87587, 0.481614, -69.07),  cut
(0.875924, 0.481578, -69.06),  cut
(0.869374, 0.425717, -77.86),  cut
(0.869406, 0.425784, -78.25),  cut
(0.869441, 0.425854, -78.26),  cut
(0.869473, 0.425921, -78.24),  cut
(0.869502, 0.425981, -78.22),  cut
(0.869533, 0.426044, -78.20),  cut
(0.869566, 0.426111, -78.18),  cut
(0.968878, 0.031902, -76.38),  cut
(0.972477, 0.025853, -76.13),  cut
(0.977676, 0.017117, -75.79),  cut
(0.981476, 0.010733, -75.56),  cut
(0.985476, 0.004012, -75.31),  cut
(0.989475, -0.002708, -75.07),  cut
(0.989083, -0.007407, -75.24),  cut
(0.987842, -0.012152, -75.51),  cut
(0.986119, -0.018742, -75.89),  cut
(0.984809, -0.023751, -76.17),  cut
(0.983499, -0.02876, -76.46),  cut
(0.982121, -0.034032, -76.75),  cut
(0.980811, -0.039041, -77.04),  cut
(0.979501, -0.04405, -77.32),  cut
(0.978123, -0.049322, -77.61),  cut
(0.976882, -0.054068, -77.88),  cut
(0.97509, -0.060922, -78.26),  cut
(0.97378, -0.06593, -78.54),  cut
(0.97247, -0.070939, -78.82),  cut
(0.971161, -0.075948, -79.09),  cut
(0.969989, -0.08043, -79.34),  cut
(0.968679, -0.085438, -79.61),  cut
(0.966956, -0.092029, -79.97),  cut
(0.965577, -0.097301, -80.26),  cut
(0.964405, -0.101783, -80.50),  cut
(0.963303, -0.106001, -80.72),  cut
(0.961993, -0.11101, -80.99),  cut
(0.960683, -0.116018, -81.25),  cut
(0.959305, -0.121291, -81.53),  cut
(0.958133, -0.125772, -81.77),  cut
(0.956823, -0.130781, -82.03),  cut
(0.955169, -0.137108, -82.37),  cut
(0.95379, -0.14238, -82.64),  cut
(0.906577, -0.147758, -88.93),  cut
(0.903608, -0.146882, -89.45),  cut
(0.900781, -0.146048, -89.87),  cut
(0.898095, -0.145255, -90.25),  cut
(0.894561, -0.144213, -90.78),  cut
(0.891875, -0.14342, -91.18),  cut
(0.889048, -0.142586, -91.62),  cut
(0.886362, -0.141793, -92.05),  cut
(0.883394, -0.140917, -92.53),  cut
(0.880849, -0.140166, -92.96),  cut
(0.877457, -0.139165, -93.55),  cut
(0.874629, -0.138331, -94.06),  cut
(0.871802, -0.137497, -94.57),  cut
(0.869116, -0.136704, -95.08),  cut
(0.866572, -0.135953, -95.57),  cut
(0.863179, -0.134952, -96.25),  cut
(0.860635, -0.134201, -96.78),  cut
(0.857666, -0.133325, -97.41),  cut
(0.85498, -0.132533, -98.00),  cut
(0.852153, -0.131699, -98.65),  cut
(0.849185, -0.130823, -99.35),  cut
(0.845792, -0.129822, -100.19),  cut
(0.843106, -0.129029, -100.88),  cut
(0.840562, -0.128278, -101.55),  cut
(0.837734, -0.127444, -102.32),  cut
(0.83519, -0.126693, -103.05),  cut
(0.831797, -0.125692, -104.06),  cut
(0.829111, -0.124899, -104.90),  cut
(0.826426, -0.124107, -105.77),  cut
(0.82374, -0.123314, -106.67),  cut
(0.820913, -0.12248, -107.67),  cut
(0.818085, -0.121646, -108.72),  cut
(0.8154, -0.120853, -109.77),  cut
(0.811583, -0.119727, -111.36),  cut
(0.808897, -0.118935, -112.55),  cut
(0.806211, -0.118142, -113.79),  cut
(0.803525, -0.117349, -115.10),  cut
(0.800698, -0.116515, -116.57),  cut
(0.899059, -0.351695, -81.87),  cut
(0.897681, -0.356968, -81.45),  cut
(0.896233, -0.362504, -81.73),  cut
(0.894992, -0.367249, -82.07),  cut
(0.893614, -0.372521, -82.45),  cut
(0.891891, -0.379112, -82.91),  cut
(0.890581, -0.384121, -83.27),  cut
(0.889271, -0.389129, -83.61),  cut
(0.887824, -0.394665, -84.00),  cut
(0.886445, -0.399938, -84.36),  cut
(0.885066, -0.40521, -84.72),  cut
(0.883688, -0.410483, -85.08),  cut
(0.881896, -0.417337, -85.54),  cut
(0.880517, -0.422609, -85.89),  cut
(0.879207, -0.427618, -86.22),  cut
(0.877898, -0.432627, -86.54),  cut
(0.876519, -0.437899, -86.89),  cut
(0.875209, -0.442908, -87.21),  cut
(0.8739, -0.447917, -87.53),  cut
(0.872521, -0.453189, -87.86),  cut
(0.870798, -0.45978, -88.28),  cut
(0.869488, -0.464788, -88.59),  cut
(0.868179, -0.469797, -88.89),  cut
(0.866938, -0.474542, -89.18),  cut
(0.865559, -0.479815, -89.50),  cut
(0.864181, -0.485087, -89.81),  cut
(0.862802, -0.49036, -90.13),  cut
(0.860941, -0.497477, -90.55),  cut
(0.859631, -0.502486, -90.84),  cut
(0.858321, -0.507495, -91.12),  cut
(0.857012, -0.512504, -91.40),  cut
(0.855702, -0.517513, -91.68),  cut
(0.854255, -0.523049, -91.99),  cut
(0.852393, -0.530166, -92.38),  cut
(0.851153, -0.534911, -92.64),  cut
(0.849912, -0.539657, -92.89),  cut
(0.848395, -0.545456, -93.20),  cut
(0.847086, -0.550465, -93.46),  cut
(0.845156, -0.557846, -93.84),  cut
(0.843846, -0.562855, -94.10),  cut
(0.842536, -0.567864, -94.35),  cut
(0.841158, -0.573136, -94.61),  cut
(0.839848, -0.578145, -94.85),  cut
(0.838401, -0.583681, -95.12),  cut
(0.837229, -0.588163, -95.33),  cut
(0.835919, -0.593172, -95.57),  cut
(0.834265, -0.599499, -95.86),  cut
(0.832886, -0.604771, -96.10),  cut
(0.831508, -0.610043, -96.34),  cut
(0.83006, -0.615579, -96.58),  cut
(0.82875, -0.620588, -96.80),  cut
(0.826958, -0.627442, -97.10),  cut
(0.825511, -0.632978, -97.33),  cut
(0.824063, -0.638514, -97.56),  cut
(0.822615, -0.64405, -97.79),  cut
(0.821168, -0.649586, -98.01),  cut
(0.819858, -0.654595, -98.21),  cut
(0.818411, -0.660131, -98.43),  cut
(0.816481, -0.667513, -98.71),  cut
(0.815102, -0.672785, -98.91),  cut
(0.813861, -0.67753, -99.08),  cut
(0.812552, -0.682539, -99.26),  cut
(0.811311, -0.687284, -99.43),  cut
(0.809863, -0.69282, -99.62),  cut
(0.808422, -0.699386, -99.75),  cut
(0.810653, -0.701895, -98.78),  cut
(0.812778, -0.704284, -97.78),  cut
(0.814903, -0.706673, -96.75),  cut
(0.816922, -0.708943, -95.73),  cut
(0.819047, -0.711332, -94.63),  cut
(0.822022, -0.714677, -93.02),  cut
(0.824359, -0.717305, -91.69),  cut
(0.82659, -0.719814, -90.39),  cut
(0.709181, -0.803021, -122.27),  cut
(0.709187, -0.803032, -123.45),  cut
(0.709193, -0.803043, -123.75),  cut
(0.709199, -0.803053, -123.74),  cut
(0.709207, -0.803067, -123.74),  cut
(0.709212, -0.803077, -123.74),  cut
(0.709219, -0.803089, -123.73),  cut
(0.709224, -0.803098, -123.73),  cut
(0.70923, -0.803109, -123.72),  cut
(0.709235, -0.803119, -123.72),  cut
(0.709243, -0.803132, -123.71),  cut
(0.709248, -0.803142, -123.71),  cut
(0.709254, -0.803153, -123.70),  cut
(0.70926, -0.803163, -123.70),  cut
(0.356499, -0.857053, -161.10),  cut
(0.356523, -0.857103, -161.71),  cut
(0.396052, -0.68605, 173.37),  cut
(0.396055, -0.686071, 172.83),  cut
(0.396058, -0.686092, 172.78),  cut
(0.396061, -0.686113, 172.78),  cut
(0.396064, -0.686135, 172.78),  cut
(0.396068, -0.686164, 172.79),  cut
(0.396072, -0.686186, 172.79),  cut
(0.396075, -0.686209, 172.80),  cut
(0.396078, -0.68623, 172.80),  cut
(0.396081, -0.686252, 172.81),  cut
(0.396086, -0.686281, 172.81),  cut
(0.396089, -0.686301, 172.82),  cut
(0.396092, -0.686323, 172.82),  cut
(0.396095, -0.686344, 172.83),  cut
(0.396099, -0.686372, 172.83),  cut
(0.396102, -0.686394, 172.84),  cut
(0.396105, -0.686414, 172.84),  cut
(0.396109, -0.686441, 172.85),  cut
(0.396112, -0.686463, 172.86),  cut
(0.396115, -0.686482, 172.86),  cut
(0.396118, -0.686503, 172.87),  cut
(0.396122, -0.686532, 172.88),  cut
(0.396126, -0.686556, 172.89),  cut
(0.39613, -0.686581, 172.90),  cut
(0.396134, -0.68661, 172.91),  cut
(0.396138, -0.686637, 172.92),  cut
(0.396141, -0.686661, 172.93),  cut
(0.396146, -0.686691, 172.95),  cut
(0.358608, -0.625675, 152.62),  cut
(0.358616, -0.625736, 150.99),  cut
(0.358623, -0.625787, 150.95),  cut
(0.35863, -0.625842, 150.97),  cut
(0.088637, -0.89843, -149.67),  cut
(0.090813, -0.897136, -148.32),  cut
(0.092838, -0.895932, -148.12),  cut
(0.095464, -0.894371, -148.11),  cut
(0.097565, -0.893122, -148.10),  cut
(0.100265, -0.891516, -148.09),  cut
(0.102441, -0.890222, -148.08),  cut
(0.104542, -0.888973, -148.07),  cut
(0.107242, -0.887368, -148.06),  cut
(0.109418, -0.886074, -148.05),  cut
(0.111669, -0.884736, -148.04),  cut
(0.114295, -0.883175, -148.02),  cut
(0.11662, -0.881792, -148.01),  cut
(0.118721, -0.880543, -148.00),  cut
(0.120822, -0.879294, -147.98),  cut
(0.123597, -0.877643, -147.96),  cut
(0.125698, -0.876394, -147.94),  cut
(0.127799, -0.875145, -147.92),  cut
(0.129899, -0.873897, -147.90),  cut
(0.13275, -0.872201, -147.87),  cut
(0.134851, -0.870953, -147.84),  cut
(0.136801, -0.869793, -147.81),  cut
(-0.257955, -0.914733, -168.02),  cut
(-0.255553, -0.918503, -167.98),  cut
(-0.25315, -0.922273, -167.52),  cut
(-0.250748, -0.926042, -166.98),  cut
(-0.248431, -0.929677, -166.45),  cut
(-0.245256, -0.934659, -165.68),  cut
(-0.243111, -0.938025, -165.15),  cut
(-0.240709, -0.941794, -164.53),  cut
(-0.23762, -0.946641, -163.70),  cut
(-0.235303, -0.950276, -163.06),  cut
(-0.232987, -0.953911, -162.39),  cut
(-0.230584, -0.957681, -161.67),  cut
(-0.227496, -0.962528, -160.70),  cut
(-0.225179, -0.966163, -159.93),  cut
(-0.222776, -0.969932, -159.11),  cut
(-0.219602, -0.974914, -157.96),  cut
(-0.217199, -0.978683, -157.05),  cut
(-0.214883, -0.982319, -156.13),  cut
(-0.21188, -0.987031, -154.86),  cut
(-0.209422, -0.989878, -153.98),  cut
(-0.206806, -0.98863, -153.92),  cut
(-0.204093, -0.987335, -153.90),  cut
(-0.200703, -0.985717, -153.89),  cut
(-0.19799, -0.984422, -153.88),  cut
(-0.195374, -0.983174, -153.87),  cut
(-0.191983, -0.981556, -153.86),  cut
(-0.189367, -0.980307, -153.84),  cut
(-0.186752, -0.979059, -153.83),  cut
(-0.184136, -0.977811, -153.81),  cut
(-0.47002, -0.768076, 156.96),  cut
(-0.470029, -0.768125, 155.42),  cut
(-0.470035, -0.768161, 155.34),  cut
(-0.470041, -0.768198, 155.35),  cut
(-0.47005, -0.768246, 155.35),  cut
(-0.470056, -0.768283, 155.36),  cut
(-0.470062, -0.768319, 155.37),  cut
(-0.470069, -0.768356, 155.37),  cut
(-0.470077, -0.768403, 155.38),  cut
(-0.470084, -0.768439, 155.39),  cut
(-0.47009, -0.768475, 155.39),  cut
(-0.470098, -0.768524, 155.40),  cut
(-0.470105, -0.768561, 155.41),  cut
(-0.470111, -0.768597, 155.42),  cut
(-0.470119, -0.768643, 155.43),  cut
(-0.470126, -0.76868, 155.44),  cut
(-0.470132, -0.768716, 155.45),  cut
(-0.47014, -0.76876, 155.46),  cut
(-0.470146, -0.768799, 155.47),  cut
(-0.470154, -0.768845, 155.49),  cut
(-0.470161, -0.768881, 155.50),  cut
(-0.470167, -0.768918, 155.51),  cut
(-0.470176, -0.768967, 155.53),  cut
(-0.470182, -0.769004, 155.55),  cut
(-0.470189, -0.76904, 155.57),  cut
(-0.470195, -0.769076, 155.58),  cut
(-0.728368, -0.88666, -168.35),  cut
(-0.727788, -0.885017, -167.52),  cut
(-0.727043, -0.882903, -167.70),  cut
(-0.726484, -0.881318, -167.96),  cut
(-0.725904, -0.879675, -168.24),  cut
(-0.725325, -0.878031, -168.53),  cut
(-0.724579, -0.875918, -168.94),  cut
(-0.72402, -0.874333, -169.25),  cut
(-0.72342, -0.87263, -169.61),  cut
(-0.72284, -0.870987, -169.97),  cut
(-0.722116, -0.868932, -170.46),  cut
(-0.721557, -0.867347, -170.86),  cut
(-0.720977, -0.865703, -171.30),  cut
(-0.720398, -0.86406, -171.77),  cut
(-0.719632, -0.861888, -172.45),  cut
(-0.719052, -0.860244, -173.01),  cut
(-0.718452, -0.858542, -173.64),  cut
(-0.717727, -0.856487, -174.48),  cut
(-0.717147, -0.854843, -175.23),  cut
(-0.716568, -0.8532, -176.07),  cut
(-0.83154, -0.781806, 163.77),  cut
(-0.83157, -0.781809, 162.77),  cut
(-0.831601, -0.781812, 162.58),  cut
(-0.831639, -0.781815, 162.58),  cut
(-0.831669, -0.781818, 162.59),  cut
(-0.831698, -0.78182, 162.59),  cut
(-0.831738, -0.781824, 162.60),  cut
(-0.831768, -0.781827, 162.60),  cut
(-0.831796, -0.781829, 162.61),  cut
(-0.831826, -0.781832, 162.61),  cut
(-0.877283, -0.529254, 117.75),  cut
(-0.877736, -0.529116, 116.37),  cut
(-0.878188, -0.528978, 116.23),  cut
(-0.878641, -0.528841, 116.30),  cut
(-0.879256, -0.528653, 116.40),  cut
(-0.879709, -0.528515, 116.48),  cut
(-0.880258, -0.528348, 116.57),  cut
(-0.880727, -0.528205, 116.66),  cut
(-0.881196, -0.528062, 116.75),  cut
(-0.881633, -0.527929, 116.84),  cut
(-0.882215, -0.527752, 116.97),  cut
(-0.882668, -0.527614, 117.08),  cut
(-0.883121, -0.527476, 117.19),  cut
(-0.883703, -0.527298, 117.35),  cut
(-0.884156, -0.527161, 117.48),  cut
(-0.884722, -0.526988, 117.66),  cut
(-0.885175, -0.52685, 117.81),  cut
(-0.885611, -0.526717, 117.97),  cut
(-0.88621, -0.526535, 118.22),  cut
(-0.777706, 0.63796, 87.22),  cut
(-0.777723, 0.637967, 86.95),  cut
(-0.777743, 0.637975, 86.89),  cut
(-0.77776, 0.637981, 86.89),  cut
(-0.80621, -0.713551, 88.79),  cut
(-0.820204, -0.702157, 98.54),  cut
(-0.845139, -0.418941, 92.62),  cut
(-0.853488, -0.437654, 96.78),  cut
(-0.82909, -0.721427, 92.78),  cut
(-0.820752, -0.703285, 96.78),  cut
(-0.830542, -0.719755, 92.78),  cut
(-0.817432, -0.740916, 96.78),  cut
(-0.82717, -0.759772, 92.78),  cut
(-0.814037, -0.781527, 96.78),  cut
(-0.823774, -0.800383, 92.78),  cut
(-0.810719, -0.821544, 96.78),  cut
(-0.829145, -0.84057, 92.78),  cut
(-0.816907, -0.862984, 96.78),  cut
(-0.829274, -0.879334, 92.78),  cut
(-0.824375, -0.751544, 96.78),  cut
(-0.824819, -0.768926, 92.78),  reached
(-0.824513, -0.756329, 96.78),  reached
(-0.824789, -0.767726, 93.10),  reached
(-0.824705, -0.764257, 94.22),  reached
(-0.824789, -0.767726, 93.10),  reached
(-0.667157, 0.667157, 135.00),  cut
(-0.956753, 0.517485, 97.65),  cut
(-0.955266, 0.514761, 97.69),  cut
(-0.953637, 0.511778, 97.64),  cut
(-0.808174, -0.572165, 127.00),  cut
(-0.809399, -0.563047, 123.32),  reached
(-0.808459, -0.570046, 126.20),  cut
(-0.953637, 0.511778, 97.64),  cut
(-0.808877, -0.566935, 124.92),  reached
(-0.809735, -0.560539, 122.36),  reached
(-0.953637, 0.511778, 97.64),  cut
(-0.809628, -0.561339, 122.68),  cut
(-0.894608, -0.425614, 118.36),  cut
(-0.810021, -0.558413, 121.56),  reached
(-0.814852, -0.552378, 119.80),  reached
(-0.953637, 0.511778, 97.64),  cut
(-0.899187, -0.430424, 119.96),  cut
(-0.892543, -0.414657, 116.28),  cut
(-0.822672, -0.533204, 118.68),  reached
(-0.953637, 0.511778, 97.64),  cut
(-0.922128, 0.454055, 95.75),  cut
(-0.920004, 0.450163, 95.64),  cut
(-0.918446, 0.44731, 95.56),  cut
(-0.916959, 0.444586, 95.49),  cut
(-0.914906, 0.440824, 95.39),  cut
(-0.913348, 0.43797, 95.31),  cut
(-0.911861, 0.435246, 95.23),  cut
(-0.909879, 0.431614, 95.12),  cut
(-0.908321, 0.42876, 95.04),  cut
(-0.906834, 0.426036, 94.96),  cut
(-0.90471, 0.422145, 94.84),  cut
(-0.903152, 0.419291, 94.75),  cut
(-0.901594, 0.416437, 94.66),  cut
(-0.899824, 0.413195, 94.55),  cut
(-0.898337, 0.410471, 94.46),  cut
(-0.896638, 0.407357, 94.36),  cut
(-0.894514, 0.403466, 94.22),  cut
(-0.892885, 0.400482, 94.12),  cut
(-0.890761, 0.396591, 93.97),  cut
(-0.889274, 0.393867, 93.87),  cut
(-0.887645, 0.390884, 93.76),  cut
(-0.885379, 0.386733, 93.60),  cut
(-0.883963, 0.384138, 93.50),  cut
(-0.882406, 0.381285, 93.38),  cut
(-0.880423, 0.377653, 93.23),  cut
(-0.878936, 0.374929, 93.11),  cut
(-0.877449, 0.372205, 93.00),  cut
(-0.875962, 0.369481, 92.88),  cut
(-0.873767, 0.365459, 92.69),  cut
(-0.87228, 0.362735, 92.56),  cut
(-0.870652, 0.359752, 92.42),  cut
(-0.868598, 0.35599, 92.23),  cut
(-0.867041, 0.353137, 92.09),  cut
(-0.865483, 0.350283, 91.94),  cut
(-0.863359, 0.346391, 91.73),  cut
(-0.861659, 0.343278, 91.55),  cut
(-0.860172, 0.340554, 91.40),  cut
(-0.857977, 0.336533, 91.16),  cut
(-0.856419, 0.333679, 90.98),  cut
(-0.854366, 0.329918, 90.74),  cut
(-0.852738, 0.326934, 90.54),  cut
(-0.851251, 0.32421, 90.36),  cut
(-0.849126, 0.320319, 90.08),  cut
(-0.847569, 0.317465, 89.87),  cut
(-0.846011, 0.314611, 89.65),  cut
(-0.843957, 0.31085, 89.35),  cut
(-0.8424, 0.307996, 89.11),  cut
(-0.8407, 0.304883, 88.84),  cut
(-0.838647, 0.301121, 88.50),  cut
(-0.837089, 0.298267, 88.23),  cut
(-0.835461, 0.295284, 87.94),  cut
(-0.833407, 0.291522, 87.54),  cut
(-0.831849, 0.288668, 87.22),  cut
(-0.829725, 0.284777, 86.77),  cut
(-0.828309, 0.282183, 86.45),  cut
(-0.826751, 0.279329, 86.08),  cut
(-0.825264, 0.276605, 85.71),  cut
(-0.823211, 0.272843, 85.16),  cut
(-0.821653, 0.269989, 84.71),  cut
(-0.820025, 0.267006, 84.22),  cut
(-0.817901, 0.263114, 83.51),  cut
(-0.816414, 0.26039, 82.98),  cut
(-0.814289, 0.256499, 82.14),  cut
(-0.812732, 0.253645, 81.47),  cut
(-0.811174, 0.250792, 80.74),  cut
(-0.80905, 0.2469, 79.62),  cut
(-0.807563, 0.244176, 78.74),  cut
(-0.806076, 0.241452, 77.77),  cut
(-0.77969, 0.638759, 84.28),  cut
(-0.779703, 0.638764, 84.39),  cut
(-0.779719, 0.63877, 84.42),  cut
(-0.779731, 0.638775, 84.42),  cut
(-0.779745, 0.638781, 84.43),  cut
(-0.779761, 0.638788, 84.43),  cut
(-0.779774, 0.638793, 84.43),  cut
(-0.779791, 0.6388, 84.43),  cut
(-0.779804, 0.638805, 84.43),  cut
(-0.779816, 0.63881, 84.44),  cut
(-0.779828, 0.638815, 84.44),  cut
(-0.779844, 0.638821, 84.44),  cut
(-0.779856, 0.638826, 84.44),  cut
(-0.779868, 0.638831, 84.44),  cut
(-0.779885, 0.638838, 84.45),  cut
(-0.779897, 0.638842, 84.45),  cut
(-0.77991, 0.638848, 84.45),  cut
(-0.779927, 0.638854, 84.45),  cut
(-0.77994, 0.63886, 84.46),  cut
(-0.779952, 0.638864, 84.46),  cut
(-0.77997, 0.638871, 84.46),  cut
(-0.779982, 0.638877, 84.46),  cut
(-0.779995, 0.638882, 84.47),  cut
(-0.780007, 0.638887, 84.47),  cut
(-0.780023, 0.638893, 84.47),  cut
(-0.780037, 0.638898, 84.48),  cut
(-0.780049, 0.638904, 84.48),  cut
(-0.780065, 0.63891, 84.48),  cut
(-0.780078, 0.638915, 84.49),  cut
(-0.780092, 0.638921, 84.49),  cut
(-0.780109, 0.638928, 84.50),  cut
(-0.780121, 0.638932, 84.50),  cut
(-0.780133, 0.638937, 84.50),  cut
(-0.780151, 0.638945, 84.51),  cut
(-0.780164, 0.63895, 84.51),  cut
(-0.78018, 0.638956, 84.52),  cut
(-0.780193, 0.638961, 84.52),  cut
(-0.780206, 0.638967, 84.53),  cut
(-0.780225, 0.638974, 84.54),  cut

# Waypoint History - Started at 2026-03-07 12:12:05 - Random Seed 1010

# Waypoint History - Started at 2026-03-07 12:12:50 - Random Seed 1010
